mesh dimension = 3 elemtype tetrahedra nnode = 4
coordinates
1 0.6 0.25 0.0193301
2 0.586603 0.275 0.0193301
3 0.55 0.293301 0.0193301
4 0.5 0.3 0.0193301
5 0.45 0.293301 0.0193301
6 0.413397 0.275 0.0193301
7 0.4 0.25 0.0193301
8 0.413397 0.225 0.0193301
9 0.45 0.206699 0.0193301
10 0.5 0.2 0.0193301
11 0.55 0.206699 0.0193301
12 0.586603 0.225 0.0193301
13 0.673205 0.25 0.0175
14 0.65 0.293301 0.0175
15 0.586603 0.325 0.0175
16 0.5 0.336603 0.0175
17 0.413397 0.325 0.0175
18 0.35 0.293301 0.0175
19 0.326795 0.25 0.0175
20 0.35 0.206699 0.0175
21 0.413397 0.175 0.0175
22 0.5 0.163397 0.0175
23 0.586603 0.175 0.0175
24 0.65 0.206699 0.0175
25 0.7 0.25 0.015
26 0.673205 0.3 0.015
27 0.6 0.336603 0.015
28 0.5 0.35 0.015
29 0.4 0.336603 0.015
30 0.326795 0.3 0.015
31 0.3 0.25 0.015
32 0.326795 0.2 0.015
33 0.4 0.163397 0.015
34 0.5 0.15 0.015
35 0.6 0.163397 0.015
36 0.673205 0.2 0.015
37 0.673205 0.25 0.0125
38 0.65 0.293301 0.0125
39 0.586603 0.325 0.0125
40 0.5 0.336603 0.0125
41 0.413397 0.325 0.0125
42 0.35 0.293301 0.0125
43 0.326795 0.25 0.0125
44 0.35 0.206699 0.0125
45 0.413397 0.175 0.0125
46 0.5 0.163397 0.0125
47 0.586603 0.175 0.0125
48 0.65 0.206699 0.0125
49 0.6 0.25 0.0106699
50 0.586603 0.275 0.0106699
51 0.55 0.293301 0.0106699
52 0.5 0.3 0.0106699
53 0.45 0.293301 0.0106699
54 0.413397 0.275 0.0106699
55 0.4 0.25 0.0106699
56 0.413397 0.225 0.0106699
57 0.45 0.206699 0.0106699
58 0.5 0.2 0.0106699
59 0.55 0.206699 0.0106699
60 0.586603 0.225 0.0106699
61 0.55 0.25 0.0171651
62 0.543301 0.2625 0.0171651
63 0.525 0.271651 0.0171651
64 0.5 0.275 0.0171651
65 0.475 0.271651 0.0171651
66 0.456699 0.2625 0.0171651
67 0.45 0.25 0.0171651
68 0.456699 0.2375 0.0171651
69 0.475 0.228349 0.0171651
70 0.5 0.225 0.0171651
71 0.525 0.228349 0.0171651
72 0.543301 0.2375 0.0171651
73 0.586603 0.25 0.01625
74 0.575 0.271651 0.01625
75 0.543301 0.2875 0.01625
76 0.5 0.293301 0.01625
77 0.456699 0.2875 0.01625
78 0.425 0.271651 0.01625
79 0.413397 0.25 0.01625
80 0.425 0.228349 0.01625
81 0.456699 0.2125 0.01625
82 0.5 0.206699 0.01625
83 0.543301 0.2125 0.01625
84 0.575 0.228349 0.01625
85 0.6 0.25 0.015
86 0.586603 0.275 0.015
87 0.55 0.293301 0.015
88 0.5 0.3 0.015
89 0.45 0.293301 0.015
90 0.413397 0.275 0.015
91 0.4 0.25 0.015
92 0.413397 0.225 0.015
93 0.45 0.206699 0.015
94 0.5 0.2 0.015
95 0.55 0.206699 0.015
96 0.586603 0.225 0.015
97 0.586603 0.25 0.01375
98 0.575 0.271651 0.01375
99 0.543301 0.2875 0.01375
100 0.5 0.293301 0.01375
101 0.456699 0.2875 0.01375
102 0.425 0.271651 0.01375
103 0.413397 0.25 0.01375
104 0.425 0.228349 0.01375
105 0.456699 0.2125 0.01375
106 0.5 0.206699 0.01375
107 0.543301 0.2125 0.01375
108 0.575 0.228349 0.01375
109 0.55 0.25 0.0128349
110 0.543301 0.2625 0.0128349
111 0.525 0.271651 0.0128349
112 0.5 0.275 0.0128349
113 0.475 0.271651 0.0128349
114 0.456699 0.2625 0.0128349
115 0.45 0.25 0.0128349
116 0.456699 0.2375 0.0128349
117 0.475 0.228349 0.0128349
118 0.5 0.225 0.0128349
119 0.525 0.228349 0.0128349
120 0.543301 0.2375 0.0128349
121 0.5 0.25 0.02
122 0.5 0.25 0.0175
123 0.5 0.25 0.015
124 0.5 0.25 0.0125
125 0.5 0.25 0.01
126 0 0 0
127 0.1 0 0
128 0.2 0 0
129 0.3 0 0
130 0.4 0 0
131 0.5 0 0
132 0.6 0 0
133 0.7 0 0
134 0.8 0 0
135 0.9 0 0
136 1 0 0
137 0 0.1 0
138 0.1 0.1 0
139 0.2 0.1 0
140 0.3 0.1 0
141 0.4 0.1 0
142 0.5 0.1 0
143 0.6 0.1 0
144 0.7 0.1 0
145 0.8 0.1 0
146 0.9 0.1 0
147 1 0.1 0
148 0 0.2 0
149 0.1 0.2 0
150 0.2 0.2 0
151 0.3 0.2 0
152 0.4 0.2 0
153 0.5 0.2 0
154 0.6 0.2 0
155 0.7 0.2 0
156 0.8 0.2 0
157 0.9 0.2 0
158 1 0.2 0
159 0 0.3 0
160 0.1 0.3 0
161 0.2 0.3 0
162 0.3 0.3 0
163 0.4 0.3 0
164 0.5 0.3 0
165 0.6 0.3 0
166 0.7 0.3 0
167 0.8 0.3 0
168 0.9 0.3 0
169 1 0.3 0
170 0 0.4 0
171 0.1 0.4 0
172 0.2 0.4 0
173 0.3 0.4 0
174 0.4 0.4 0
175 0.5 0.4 0
176 0.6 0.4 0
177 0.7 0.4 0
178 0.8 0.4 0
179 0.9 0.4 0
180 1 0.4 0
181 0 0.5 0
182 0.1 0.5 0
183 0.2 0.5 0
184 0.3 0.5 0
185 0.4 0.5 0
186 0.5 0.5 0
187 0.6 0.5 0
188 0.7 0.5 0
189 0.8 0.5 0
190 0.9 0.5 0
191 1 0.5 0
192 0 0 0.0075
193 0.1 0 0.0075
194 0.2 0 0.0075
195 0.3 0 0.0075
196 0.4 0 0.0075
197 0.5 0 0.0075
198 0.6 0 0.0075
199 0.7 0 0.0075
200 0.8 0 0.0075
201 0.9 0 0.0075
202 1 0 0.0075
203 0 0.1 0.0075
204 0.1 0.1 0.0075
205 0.2 0.1 0.0075
206 0.3 0.1 0.0075
207 0.4 0.1 0.0075
208 0.5 0.1 0.0075
209 0.6 0.1 0.0075
210 0.7 0.1 0.0075
211 0.8 0.1 0.0075
212 0.9 0.1 0.0075
213 1 0.1 0.0075
214 0 0.2 0.0075
215 0.1 0.2 0.0075
216 0.2 0.2 0.0075
217 0.3 0.2 0.0075
218 0.4 0.2 0.0075
219 0.5 0.2 0.0075
220 0.6 0.2 0.0075
221 0.7 0.2 0.0075
222 0.8 0.2 0.0075
223 0.9 0.2 0.0075
224 1 0.2 0.0075
225 0 0.3 0.0075
226 0.1 0.3 0.0075
227 0.2 0.3 0.0075
228 0.3 0.3 0.0075
229 0.4 0.3 0.0075
230 0.5 0.3 0.0075
231 0.6 0.3 0.0075
232 0.7 0.3 0.0075
233 0.8 0.3 0.0075
234 0.9 0.3 0.0075
235 1 0.3 0.0075
236 0 0.4 0.0075
237 0.1 0.4 0.0075
238 0.2 0.4 0.0075
239 0.3 0.4 0.0075
240 0.4 0.4 0.0075
241 0.5 0.4 0.0075
242 0.6 0.4 0.0075
243 0.7 0.4 0.0075
244 0.8 0.4 0.0075
245 0.9 0.4 0.0075
246 1 0.4 0.0075
247 0 0.5 0.0075
248 0.1 0.5 0.0075
249 0.2 0.5 0.0075
250 0.3 0.5 0.0075
251 0.4 0.5 0.0075
252 0.5 0.5 0.0075
253 0.6 0.5 0.0075
254 0.7 0.5 0.0075
255 0.8 0.5 0.0075
256 0.9 0.5 0.0075
257 1 0.5 0.0075
258 0 0 0.015
259 0.1 0 0.015
260 0.2 0 0.015
261 0.3 0 0.015
262 0.4 0 0.015
263 0.5 0 0.015
264 0.6 0 0.015
265 0.7 0 0.015
266 0.8 0 0.015
267 0.9 0 0.015
268 1 0 0.015
269 0 0.1 0.015
270 0.1 0.1 0.015
271 0.2 0.1 0.015
272 0.3 0.1 0.015
273 0.4 0.1 0.015
274 0.5 0.1 0.015
275 0.6 0.1 0.015
276 0.7 0.1 0.015
277 0.8 0.1 0.015
278 0.9 0.1 0.015
279 1 0.1 0.015
280 0 0.2 0.015
281 0.1 0.2 0.015
282 0.2 0.2 0.015
283 0.3 0.2 0.015
284 0.7 0.2 0.015
285 0.8 0.2 0.015
286 0.9 0.2 0.015
287 1 0.2 0.015
288 0 0.3 0.015
289 0.1 0.3 0.015
290 0.2 0.3 0.015
291 0.3 0.3 0.015
292 0.7 0.3 0.015
293 0.8 0.3 0.015
294 0.9 0.3 0.015
295 1 0.3 0.015
296 0 0.4 0.015
297 0.1 0.4 0.015
298 0.2 0.4 0.015
299 0.3 0.4 0.015
300 0.4 0.4 0.015
301 0.5 0.4 0.015
302 0.6 0.4 0.015
303 0.7 0.4 0.015
304 0.8 0.4 0.015
305 0.9 0.4 0.015
306 1 0.4 0.015
307 0 0.5 0.015
308 0.1 0.5 0.015
309 0.2 0.5 0.015
310 0.3 0.5 0.015
311 0.4 0.5 0.015
312 0.5 0.5 0.015
313 0.6 0.5 0.015
314 0.7 0.5 0.015
315 0.8 0.5 0.015
316 0.9 0.5 0.015
317 1 0.5 0.015
318 0 0 0.0225
319 0.1 0 0.0225
320 0.2 0 0.0225
321 0.3 0 0.0225
322 0.4 0 0.0225
323 0.5 0 0.0225
324 0.6 0 0.0225
325 0.7 0 0.0225
326 0.8 0 0.0225
327 0.9 0 0.0225
328 1 0 0.0225
329 0 0.1 0.0225
330 0.1 0.1 0.0225
331 0.2 0.1 0.0225
332 0.3 0.1 0.0225
333 0.4 0.1 0.0225
334 0.5 0.1 0.0225
335 0.6 0.1 0.0225
336 0.7 0.1 0.0225
337 0.8 0.1 0.0225
338 0.9 0.1 0.0225
339 1 0.1 0.0225
340 0 0.2 0.0225
341 0.1 0.2 0.0225
342 0.2 0.2 0.0225
343 0.3 0.2 0.0225
344 0.4 0.2 0.0225
345 0.5 0.2 0.0225
346 0.6 0.2 0.0225
347 0.7 0.2 0.0225
348 0.8 0.2 0.0225
349 0.9 0.2 0.0225
350 1 0.2 0.0225
351 0 0.3 0.0225
352 0.1 0.3 0.0225
353 0.2 0.3 0.0225
354 0.3 0.3 0.0225
355 0.4 0.3 0.0225
356 0.5 0.3 0.0225
357 0.6 0.3 0.0225
358 0.7 0.3 0.0225
359 0.8 0.3 0.0225
360 0.9 0.3 0.0225
361 1 0.3 0.0225
362 0 0.4 0.0225
363 0.1 0.4 0.0225
364 0.2 0.4 0.0225
365 0.3 0.4 0.0225
366 0.4 0.4 0.0225
367 0.5 0.4 0.0225
368 0.6 0.4 0.0225
369 0.7 0.4 0.0225
370 0.8 0.4 0.0225
371 0.9 0.4 0.0225
372 1 0.4 0.0225
373 0 0.5 0.0225
374 0.1 0.5 0.0225
375 0.2 0.5 0.0225
376 0.3 0.5 0.0225
377 0.4 0.5 0.0225
378 0.5 0.5 0.0225
379 0.6 0.5 0.0225
380 0.7 0.5 0.0225
381 0.8 0.5 0.0225
382 0.9 0.5 0.0225
383 1 0.5 0.0225
384 0 0 0.03
385 0.1 0 0.03
386 0.2 0 0.03
387 0.3 0 0.03
388 0.4 0 0.03
389 0.5 0 0.03
390 0.6 0 0.03
391 0.7 0 0.03
392 0.8 0 0.03
393 0.9 0 0.03
394 1 0 0.03
395 0 0.1 0.03
396 0.1 0.1 0.03
397 0.2 0.1 0.03
398 0.3 0.1 0.03
399 0.4 0.1 0.03
400 0.5 0.1 0.03
401 0.6 0.1 0.03
402 0.7 0.1 0.03
403 0.8 0.1 0.03
404 0.9 0.1 0.03
405 1 0.1 0.03
406 0 0.2 0.03
407 0.1 0.2 0.03
408 0.2 0.2 0.03
409 0.3 0.2 0.03
410 0.4 0.2 0.03
411 0.5 0.2 0.03
412 0.6 0.2 0.03
413 0.7 0.2 0.03
414 0.8 0.2 0.03
415 0.9 0.2 0.03
416 1 0.2 0.03
417 0 0.3 0.03
418 0.1 0.3 0.03
419 0.2 0.3 0.03
420 0.3 0.3 0.03
421 0.4 0.3 0.03
422 0.5 0.3 0.03
423 0.6 0.3 0.03
424 0.7 0.3 0.03
425 0.8 0.3 0.03
426 0.9 0.3 0.03
427 1 0.3 0.03
428 0 0.4 0.03
429 0.1 0.4 0.03
430 0.2 0.4 0.03
431 0.3 0.4 0.03
432 0.4 0.4 0.03
433 0.5 0.4 0.03
434 0.6 0.4 0.03
435 0.7 0.4 0.03
436 0.8 0.4 0.03
437 0.9 0.4 0.03
438 1 0.4 0.03
439 0 0.5 0.03
440 0.1 0.5 0.03
441 0.2 0.5 0.03
442 0.3 0.5 0.03
443 0.4 0.5 0.03
444 0.5 0.5 0.03
445 0.6 0.5 0.03
446 0.7 0.5 0.03
447 0.8 0.5 0.03
448 0.9 0.5 0.03
449 1 0.5 0.03
end coordinates
elements
1 44 126 203 192 1
2 44 126 137 203 1
3 44 137 214 203 1
4 56 137 148 214 1
5 43 148 225 214 1
6 55 148 159 225 1
7 42 159 236 225 1
8 42 159 170 236 1
9 42 170 247 236 1
10 42 170 181 247 1
11 32 192 269 258 1
12 32 192 203 269 1
13 32 203 280 269 1
14 44 203 214 280 1
15 31 214 288 280 1
16 43 214 225 288 1
17 30 225 296 288 1
18 42 225 236 296 1
19 30 236 307 296 1
20 42 236 247 307 1
21 20 258 329 318 1
22 32 258 269 329 1
23 20 269 340 329 1
24 32 269 280 340 1
25 19 280 351 340 1
26 31 280 288 351 1
27 18 288 362 351 1
28 30 288 296 362 1
29 30 296 373 362 1
30 30 296 307 373 1
31 20 318 395 384 1
32 20 318 329 395 1
33 20 329 406 395 1
34 20 329 340 406 1
35 7 340 417 406 1
36 19 340 351 417 1
37 6 351 428 417 1
38 18 351 362 428 1
39 18 362 439 428 1
40 18 362 373 439 1
41 8 384 396 385 1
42 8 384 395 396 1
43 8 395 407 396 1
44 7 395 406 407 1
45 7 406 418 407 1
46 7 406 417 418 1
47 6 417 429 418 1
48 6 417 428 429 1
49 18 428 440 429 1
50 18 428 439 440 1
51 21 385 397 386 1
52 8 385 396 397 1
53 8 396 408 397 1
54 8 396 407 408 1
55 7 407 419 408 1
56 7 407 418 419 1
57 6 418 430 419 1
58 6 418 429 430 1
59 5 429 441 430 1
60 5 429 440 441 1
61 9 386 398 387 1
62 9 386 397 398 1
63 9 397 409 398 1
64 8 397 408 409 1
65 7 408 420 409 1
66 7 408 419 420 1
67 6 419 431 420 1
68 6 419 430 431 1
69 5 430 442 431 1
70 5 430 441 442 1
71 9 387 399 388 1
72 9 387 398 399 1
73 9 398 410 399 1
74 9 398 409 410 1
75 121 409 421 410 1
76 121 409 420 421 1
77 5 420 432 421 1
78 5 420 431 432 1
79 5 431 443 432 1
80 4 431 442 443 1
81 10 388 400 389 1
82 10 388 399 400 1
83 10 399 411 400 1
84 121 399 410 411 1
85 121 410 422 411 1
86 121 410 421 422 1
87 121 421 433 422 1
88 5 421 432 433 1
89 4 432 444 433 1
90 4 432 443 444 1
91 10 389 401 390 1
92 10 389 400 401 1
93 11 400 412 401 1
94 121 400 411 412 1
95 121 411 423 412 1
96 121 411 422 423 1
97 121 422 434 423 1
98 4 422 433 434 1
99 4 433 445 434 1
100 4 433 444 445 1
101 10 390 402 391 1
102 11 390 401 402 1
103 11 401 413 402 1
104 11 401 412 413 1
105 121 412 424 413 1
106 121 412 423 424 1
107 2 423 435 424 1
108 3 423 434 435 1
109 3 434 446 435 1
110 3 434 445 446 1
111 11 391 403 392 1
112 11 391 402 403 1
113 12 402 414 403 1
114 12 402 413 414 1
115 1 413 425 414 1
116 1 413 424 425 1
117 2 424 436 425 1
118 3 424 435 436 1
119 3 435 447 436 1
120 3 435 446 447 1
121 11 392 404 393 1
122 11 392 403 404 1
123 12 403 415 404 1
124 12 403 414 415 1
125 1 414 426 415 1
126 1 414 425 426 1
127 2 425 437 426 1
128 2 425 436 437 1
129 2 436 448 437 1
130 15 436 447 448 1
131 24 393 405 394 1
132 24 393 404 405 1
133 12 404 416 405 1
134 12 404 415 416 1
135 1 415 427 416 1
136 1 415 426 427 1
137 1 426 438 427 1
138 2 426 437 438 1
139 2 437 449 438 1
140 2 437 448 449 1
141 24 394 339 328 1
142 24 394 405 339 1
143 24 405 350 339 1
144 12 405 416 350 1
145 13 416 361 350 1
146 1 416 427 361 1
147 14 427 372 361 1
148 14 427 438 372 1
149 14 438 383 372 1
150 14 438 449 383 1
151 36 328 279 268 1
152 36 328 339 279 1
153 36 339 287 279 1
154 24 339 350 287 1
155 25 350 295 287 1
156 13 350 361 295 1
157 26 361 306 295 1
158 14 361 372 306 1
159 26 372 317 306 1
160 14 372 383 317 1
161 48 268 213 202 1
162 36 268 279 213 1
163 48 279 224 213 1
164 36 279 287 224 1
165 37 287 235 224 1
166 25 287 295 235 1
167 38 295 246 235 1
168 26 295 306 246 1
169 26 306 257 246 1
170 26 306 317 257 1
171 48 202 147 136 1
172 48 202 213 147 1
173 48 213 158 147 1
174 48 213 224 158 1
175 49 224 169 158 1
176 37 224 235 169 1
177 50 235 180 169 1
178 38 235 246 180 1
179 38 246 191 180 1
180 38 246 257 191 1
181 60 136 146 135 1
182 60 136 147 146 1
183 60 147 157 146 1
184 49 147 158 157 1
185 49 158 168 157 1
186 49 158 169 168 1
187 50 169 179 168 1
188 50 169 180 179 1
189 38 180 190 179 1
190 38 180 191 190 1
191 47 135 145 134 1
192 60 135 146 145 1
193 60 146 156 145 1
194 60 146 157 156 1
195 49 157 167 156 1
196 49 157 168 167 1
197 50 168 178 167 1
198 50 168 179 178 1
199 51 179 189 178 1
200 51 179 190 189 1
201 59 134 144 133 1
202 59 134 145 144 1
203 60 145 155 144 1
204 60 145 156 155 1
205 49 156 166 155 1
206 49 156 167 166 1
207 50 167 177 166 1
208 50 167 178 177 1
209 51 178 188 177 1
210 51 178 189 188 1
211 59 133 143 132 1
212 59 133 144 143 1
213 59 144 154 143 1
214 59 144 155 154 1
215 125 155 165 154 1
216 125 155 166 165 1
217 51 166 176 165 1
218 51 166 177 176 1
219 51 177 187 176 1
220 52 177 188 187 1
221 58 132 142 131 1
222 58 132 143 142 1
223 58 143 153 142 1
224 125 143 154 153 1
225 125 154 164 153 1
226 125 154 165 164 1
227 125 165 175 164 1
228 51 165 176 175 1
229 52 176 186 175 1
230 52 176 187 186 1
231 58 131 141 130 1
232 58 131 142 141 1
233 57 142 152 141 1
234 125 142 153 152 1
235 125 153 163 152 1
236 125 153 164 163 1
237 125 164 174 163 1
238 52 164 175 174 1
239 52 175 185 174 1
240 52 175 186 185 1
241 58 130 140 129 1
242 57 130 141 140 1
243 57 141 151 140 1
244 57 141 152 151 1
245 125 152 162 151 1
246 125 152 163 162 1
247 54 163 173 162 1
248 53 163 174 173 1
249 53 174 184 173 1
250 53 174 185 184 1
251 57 129 139 128 1
252 57 129 140 139 1
253 56 140 150 139 1
254 56 140 151 150 1
255 55 151 161 150 1
256 55 151 162 161 1
257 54 162 172 161 1
258 54 162 173 172 1
259 53 173 183 172 1
260 53 173 184 183 1
261 57 128 138 127 1
262 57 128 139 138 1
263 56 139 149 138 1
264 56 139 150 149 1
265 55 150 160 149 1
266 55 150 161 160 1
267 54 161 171 160 1
268 54 161 172 171 1
269 54 172 182 171 1
270 41 172 183 182 1
271 44 127 137 126 1
272 44 127 138 137 1
273 56 138 148 137 1
274 56 138 149 148 1
275 55 149 159 148 1
276 55 149 160 159 1
277 55 160 170 159 1
278 54 160 171 170 1
279 54 171 181 170 1
280 54 171 182 181 1
281 45 126 192 193 1
282 45 126 193 127 1
283 32 192 258 259 1
284 45 192 259 193 1
285 33 258 318 319 1
286 33 258 319 259 1
287 21 318 384 385 1
288 21 318 385 319 1
289 45 127 193 194 1
290 45 127 194 128 1
291 33 193 259 260 1
292 45 193 260 194 1
293 33 259 319 320 1
294 33 259 320 260 1
295 21 319 385 386 1
296 21 319 386 320 1
297 45 128 194 195 1
298 45 128 195 129 1
299 33 194 260 261 1
300 45 194 261 195 1
301 21 260 320 321 1
302 33 260 321 261 1
303 21 320 386 387 1
304 21 320 387 321 1
305 45 129 195 196 1
306 58 129 196 130 1
307 33 195 261 262 1
308 46 195 262 196 1
309 21 261 321 322 1
310 34 261 322 262 1
311 9 321 387 388 1
312 22 321 388 322 1
313 46 130 196 197 1
314 58 130 197 131 1
315 34 196 262 263 1
316 46 196 263 197 1
317 22 262 322 323 1
318 34 262 323 263 1
319 22 322 388 389 1
320 22 322 389 323 1
321 46 131 197 198 1
322 46 131 198 132 1
323 34 197 263 264 1
324 46 197 264 198 1
325 22 263 323 324 1
326 34 263 324 264 1
327 10 323 389 390 1
328 22 323 390 324 1
329 46 132 198 199 1
330 59 132 199 133 1
331 34 198 264 265 1
332 47 198 265 199 1
333 22 264 324 325 1
334 35 264 325 265 1
335 10 324 390 391 1
336 23 324 391 325 1
337 47 133 199 200 1
338 47 133 200 134 1
339 35 199 265 266 1
340 47 199 266 200 1
341 23 265 325 326 1
342 35 265 326 266 1
343 23 325 391 392 1
344 23 325 392 326 1
345 47 134 200 201 1
346 47 134 201 135 1
347 35 200 266 267 1
348 35 200 267 201 1
349 23 266 326 327 1
350 35 266 327 267 1
351 23 326 392 393 1
352 23 326 393 327 1
353 47 135 201 202 1
354 47 135 202 136 1
355 35 201 267 268 1
356 35 201 268 202 1
357 23 267 327 328 1
358 36 267 328 268 1
359 23 327 393 394 1
360 23 327 394 328 1
361 41 181 248 247 1
362 41 181 182 248 1
363 29 247 308 307 1
364 29 247 248 308 1
365 17 307 374 373 1
366 29 307 308 374 1
367 17 373 440 439 1
368 17 373 374 440 1
369 41 182 249 248 1
370 41 182 183 249 1
371 29 248 309 308 1
372 41 248 249 309 1
373 17 308 375 374 1
374 29 308 309 375 1
375 17 374 441 440 1
376 17 374 375 441 1
377 41 183 250 249 1
378 41 183 184 250 1
379 29 249 310 309 1
380 41 249 250 310 1
381 17 309 376 375 1
382 29 309 310 376 1
383 17 375 442 441 1
384 17 375 376 442 1
385 41 184 251 250 1
386 53 184 185 251 1
387 28 250 311 310 1
388 41 250 251 311 1
389 16 310 377 376 1
390 29 310 311 377 1
391 17 376 443 442 1
392 17 376 377 443 1
393 40 185 252 251 1
394 40 185 186 252 1
395 28 251 312 311 1
396 40 251 252 312 1
397 16 311 378 377 1
398 28 311 312 378 1
399 4 377 444 443 1
400 16 377 378 444 1
401 40 186 253 252 1
402 52 186 187 253 1
403 28 252 313 312 1
404 40 252 253 313 1
405 16 312 379 378 1
406 28 312 313 379 1
407 16 378 445 444 1
408 16 378 379 445 1
409 39 187 254 253 1
410 39 187 188 254 1
411 27 253 314 313 1
412 40 253 254 314 1
413 15 313 380 379 1
414 28 313 314 380 1
415 3 379 446 445 1
416 15 379 380 446 1
417 39 188 255 254 1
418 39 188 189 255 1
419 27 254 315 314 1
420 39 254 255 315 1
421 15 314 381 380 1
422 27 314 315 381 1
423 15 380 447 446 1
424 15 380 381 447 1
425 39 189 256 255 1
426 39 189 190 256 1
427 27 255 316 315 1
428 39 255 256 316 1
429 15 315 382 381 1
430 27 315 316 382 1
431 15 381 448 447 1
432 15 381 382 448 1
433 39 190 257 256 1
434 39 190 191 257 1
435 27 256 317 316 1
436 39 256 257 317 1
437 27 316 383 382 1
438 27 316 317 383 1
439 15 382 449 448 1
440 15 382 383 449 1
441 424 121 1 2 1
442 423 121 2 3 1
443 434 121 3 4 1
444 421 121 4 5 1
445 420 121 5 6 1
446 420 121 6 7 1
447 409 121 7 8 1
448 410 121 8 9 1
449 399 121 9 10 1
450 412 121 10 11 1
451 413 121 11 12 1
452 413 121 12 1 1
453 361 1 13 14 1
454 426 1 14 2 1
455 449 2 14 15 1
456 436 2 15 3 1
457 446 3 15 16 1
458 445 3 16 4 1
459 377 4 16 17 1
460 442 4 17 5 1
461 440 5 17 18 1
462 429 5 18 6 1
463 351 6 18 19 1
464 417 6 19 7 1
465 340 7 19 20 1
466 407 7 20 8 1
467 384 8 20 21 1
468 397 8 21 9 1
469 321 9 21 22 1
470 388 9 22 10 1
471 324 10 22 23 1
472 391 10 23 11 1
473 393 11 23 24 1
474 404 11 24 12 1
475 350 12 24 13 1
476 416 12 13 1 1
477 295 13 25 26 1
478 361 13 26 14 1
479 317 14 26 27 1
480 382 14 27 15 1
481 314 15 27 28 1
482 379 15 28 16 1
483 311 16 28 29 1
484 376 16 29 17 1
485 374 17 29 30 1
486 373 17 30 18 1
487 288 18 30 31 1
488 351 18 31 19 1
489 280 19 31 32 1
490 340 19 32 20 1
491 258 20 32 33 1
492 319 20 33 21 1
493 261 21 33 34 1
494 322 21 34 22 1
495 264 22 34 35 1
496 325 22 35 23 1
497 267 23 35 36 1
498 328 23 36 24 1
499 287 24 36 25 1
500 350 24 25 13 1
501 235 25 37 38 1
502 295 25 38 26 1
503 257 26 38 39 1
504 256 26 39 27 1
505 254 27 39 40 1
506 313 27 40 28 1
507 251 28 40 41 1
508 310 28 41 29 1
509 248 29 41 42 1
510 307 29 42 30 1
511 225 30 42 43 1
512 288 30 43 31 1
513 214 31 43 44 1
514 280 31 44 32 1
515 192 32 44 45 1
516 259 32 45 33 1
517 195 33 45 46 1
518 262 33 46 34 1
519 198 34 46 47 1
520 265 34 47 35 1
521 201 35 47 48 1
522 268 35 48 36 1
523 224 36 48 37 1
524 287 36 37 25 1
525 169 37 49 50 1
526 235 37 50 38 1
527 179 38 50 51 1
528 190 38 51 39 1
529 188 39 51 52 1
530 253 39 52 40 1
531 185 40 52 53 1
532 184 40 53 41 1
533 172 41 53 54 1
534 181 41 54 42 1
535 160 42 54 55 1
536 225 42 55 43 1
537 148 43 55 56 1
538 214 43 56 44 1
539 138 44 56 57 1
540 127 44 57 45 1
541 129 45 57 58 1
542 196 45 58 46 1
543 132 46 58 59 1
544 199 46 59 47 1
545 145 47 59 60 1
546 136 47 60 48 1
547 157 48 60 49 1
548 224 48 49 37 1
549 166 49 125 50 1
550 166 50 125 51 1
551 165 51 125 52 1
552 174 52 125 53 1
553 163 53 125 54 1
554 162 54 125 55 1
555 151 55 125 56 1
556 151 56 125 57 1
557 152 57 125 58 1
558 143 58 125 59 1
559 154 59 125 60 1
560 155 60 125 49 1
561 203 192 44 32 1
562 192 126 44 45 1
563 137 214 56 44 1
564 148 214 56 43 1
565 148 225 55 43 1
566 159 225 55 42 1
567 159 170 55 42 1
568 170 181 54 42 1
569 181 247 41 42 1
570 203 280 44 32 1
571 214 280 44 31 1
572 214 288 43 31 1
573 225 288 43 30 1
574 225 296 42 30 1
575 236 296 42 30 1
576 236 307 42 30 1
577 247 307 42 29 1
578 258 329 32 20 1
579 318 258 33 20 1
580 269 329 32 20 1
581 269 340 32 20 1
582 280 340 32 19 1
583 280 351 31 19 1
584 288 351 31 18 1
585 288 362 30 18 1
586 373 362 30 18 1
587 307 373 30 17 1
588 395 384 20 8 1
589 384 318 20 21 1
590 406 395 20 7 1
591 340 406 20 7 1
592 340 417 19 7 1
593 351 417 19 6 1
594 351 428 18 6 1
595 373 439 17 18 1
596 385 384 21 8 1
597 395 407 7 8 1
598 417 418 6 7 1
599 428 429 18 6 1
600 440 429 18 5 1
601 439 440 17 18 1
602 385 397 21 8 1
603 397 386 21 9 1
604 407 408 7 8 1
605 418 419 6 7 1
606 429 430 5 6 1
607 440 441 17 5 1
608 387 386 21 9 1
609 397 409 8 9 1
610 408 409 7 8 1
611 420 409 7 121 1
612 419 420 6 7 1
613 431 420 5 6 1
614 430 431 5 6 1
615 442 431 4 5 1
616 441 442 17 5 1
617 399 388 9 10 1
618 410 399 9 121 1
619 420 421 5 121 1
620 431 443 4 5 1
621 443 432 4 5 1
622 442 443 17 4 1
623 389 388 22 10 1
624 399 411 10 121 1
625 411 400 10 121 1
626 433 422 4 121 1
627 432 433 4 5 1
628 401 390 10 11 1
629 400 401 10 11 1
630 400 412 11 121 1
631 422 434 4 121 1
632 434 423 3 121 1
633 445 434 3 4 1
634 444 445 16 4 1
635 390 402 10 11 1
636 402 391 10 11 1
637 413 402 11 12 1
638 412 413 11 121 1
639 424 413 121 1 1
640 423 424 2 121 1
641 423 435 2 3 1
642 435 424 2 3 1
643 392 391 23 11 1
644 402 403 11 12 1
645 413 414 12 1 1
646 424 425 1 2 1
647 424 436 2 3 1
648 447 436 15 3 1
649 446 447 15 3 1
650 404 393 24 11 1
651 393 392 23 11 1
652 403 404 11 12 1
653 414 415 12 1 1
654 425 426 1 2 1
655 436 448 15 2 1
656 394 393 23 24 1
657 404 405 24 12 1
658 415 416 12 1 1
659 426 438 1 2 1
660 438 427 14 1 1
661 449 438 14 2 1
662 448 449 15 2 1
663 339 328 36 24 1
664 328 394 23 24 1
665 405 350 24 12 1
666 416 350 13 12 1
667 416 361 1 13 1
668 427 361 14 1 1
669 449 383 14 15 1
670 339 287 36 24 1
671 350 287 25 24 1
672 350 295 13 25 1
673 361 295 26 13 1
674 361 306 26 14 1
675 372 306 26 14 1
676 372 317 26 14 1
677 383 317 27 14 1
678 268 213 48 36 1
679 202 268 48 35 1
680 279 213 48 36 1
681 279 224 48 36 1
682 287 224 37 36 1
683 287 235 25 37 1
684 295 235 38 25 1
685 295 246 38 26 1
686 257 246 38 26 1
687 317 257 39 26 1
688 147 136 60 48 1
689 136 202 47 48 1
690 158 147 49 48 1
691 224 158 49 48 1
692 224 169 37 49 1
693 235 169 50 37 1
694 235 180 50 38 1
695 257 191 38 39 1
696 135 136 60 47 1
697 147 157 60 49 1
698 169 168 49 50 1
699 180 179 50 38 1
700 190 179 51 38 1
701 191 190 38 39 1
702 135 145 60 47 1
703 145 134 59 47 1
704 157 156 60 49 1
705 168 167 49 50 1
706 179 178 50 51 1
707 190 189 51 39 1
708 133 134 59 47 1
709 145 144 59 60 1
710 155 144 59 60 1
711 156 155 60 49 1
712 166 155 49 125 1
713 167 166 49 50 1
714 177 166 50 51 1
715 178 177 50 51 1
716 188 177 51 52 1
717 189 188 51 39 1
718 143 132 58 59 1
719 154 143 125 59 1
720 166 165 125 51 1
721 177 187 51 52 1
722 187 176 51 52 1
723 188 187 52 39 1
724 131 132 58 46 1
725 143 153 125 58 1
726 153 142 125 58 1
727 175 164 125 52 1
728 176 175 51 52 1
729 141 130 57 58 1
730 142 141 57 58 1
731 142 152 125 57 1
732 164 174 125 52 1
733 174 163 125 53 1
734 185 174 52 53 1
735 186 185 52 40 1
736 130 140 57 58 1
737 140 129 57 58 1
738 151 140 56 57 1
739 152 151 125 57 1
740 162 151 125 55 1
741 163 162 125 54 1
742 163 173 53 54 1
743 128 129 57 45 1
744 140 139 56 57 1
745 151 150 55 56 1
746 162 161 54 55 1
747 173 172 53 54 1
748 183 172 53 41 1
749 184 183 53 41 1
750 138 127 57 44 1
751 127 128 57 45 1
752 139 138 56 57 1
753 150 149 55 56 1
754 161 160 54 55 1
755 172 182 54 41 1
756 126 127 44 45 1
757 138 137 56 44 1
758 149 148 55 56 1
759 160 170 54 55 1
760 182 181 54 41 1
761 258 259 32 33 1
762 259 192 45 32 1
763 259 193 45 33 1
764 318 319 33 21 1
765 260 193 45 33 1
766 260 194 45 33 1
767 319 320 33 21 1
768 320 260 33 21 1
769 261 194 45 33 1
770 261 195 45 33 1
771 321 260 33 21 1
772 321 261 33 21 1
773 387 321 21 9 1
774 195 196 45 46 1
775 196 129 58 45 1
776 196 130 58 46 1
777 261 262 33 34 1
778 262 195 46 33 1
779 262 196 46 34 1
780 321 322 21 22 1
781 322 261 34 21 1
782 322 262 34 22 1
783 388 321 22 9 1
784 197 130 58 46 1
785 197 131 58 46 1
786 263 196 46 34 1
787 263 197 46 34 1
788 323 262 34 22 1
789 323 263 34 22 1
790 389 323 22 10 1
791 264 197 46 34 1
792 264 198 46 34 1
793 324 263 34 22 1
794 324 264 34 22 1
795 390 323 22 10 1
796 390 324 22 10 1
797 198 199 46 47 1
798 199 132 59 46 1
799 199 133 59 47 1
800 264 265 34 35 1
801 265 198 47 34 1
802 265 199 47 35 1
803 324 325 22 23 1
804 325 264 35 22 1
805 325 265 35 23 1
806 391 324 23 10 1
807 266 199 47 35 1
808 266 200 47 35 1
809 326 265 35 23 1
810 326 266 35 23 1
811 200 201 47 35 1
812 327 266 35 23 1
813 327 267 35 23 1
814 201 202 47 35 1
815 267 268 35 36 1
816 328 267 36 23 1
817 248 247 41 29 1
818 307 374 29 17 1
819 308 374 29 17 1
820 248 309 41 29 1
821 249 309 41 29 1
822 308 375 29 17 1
823 309 375 29 17 1
824 249 310 41 29 1
825 250 310 41 28 1
826 309 376 29 17 1
827 310 376 29 16 1
828 184 251 53 41 1
829 185 251 53 40 1
830 250 311 41 28 1
831 311 310 28 29 1
832 251 311 41 28 1
833 310 377 29 16 1
834 377 376 16 17 1
835 311 377 29 16 1
836 377 443 17 4 1
837 251 312 40 28 1
838 252 312 40 28 1
839 311 378 28 16 1
840 312 378 28 16 1
841 377 444 16 4 1
842 186 253 52 40 1
843 187 253 52 39 1
844 252 313 40 28 1
845 253 313 40 27 1
846 312 379 28 16 1
847 313 379 28 15 1
848 379 445 16 3 1
849 254 253 39 40 1
850 253 314 40 27 1
851 314 313 27 28 1
852 254 314 40 27 1
853 313 380 28 15 1
854 314 380 28 15 1
855 379 446 15 3 1
856 254 315 39 27 1
857 255 315 39 27 1
858 314 381 27 15 1
859 315 381 27 15 1
860 255 316 39 27 1
861 256 316 39 27 1
862 315 382 27 15 1
863 256 317 39 27 1
864 383 382 27 15 1
865 8 121 409 410 1
866 125 60 155 154 1
end elements