mesh dimension = 3 elemtype tetrahedra nnode = 4
coordinates
1 1.39567 0.3 0.0647821
2 1.38839 0.336612 0.0647821
3 1.36765 0.36765 0.0647821
4 1.33661 0.388388 0.0647821
5 1.3 0.395671 0.0647821
6 1.26339 0.388388 0.0647821
7 1.23235 0.36765 0.0647821
8 1.21161 0.336612 0.0647821
9 1.20433 0.3 0.0647821
10 1.21161 0.263388 0.0647821
11 1.23235 0.23235 0.0647821
12 1.26339 0.211612 0.0647821
13 1.3 0.204329 0.0647821
14 1.33661 0.211612 0.0647821
15 1.36765 0.23235 0.0647821
16 1.38839 0.263388 0.0647821
17 1.47678 0.3 0.0613137
18 1.46332 0.36765 0.0613137
19 1.425 0.425 0.0613137
20 1.36765 0.46332 0.0613137
21 1.3 0.476777 0.0613137
22 1.23235 0.46332 0.0613137
23 1.175 0.425 0.0613137
24 1.13668 0.36765 0.0613137
25 1.12322 0.3 0.0613137
26 1.13668 0.23235 0.0613137
27 1.175 0.175 0.0613137
28 1.23235 0.13668 0.0613137
29 1.3 0.123223 0.0613137
30 1.36765 0.13668 0.0613137
31 1.425 0.175 0.0613137
32 1.46332 0.23235 0.0613137
33 1.53097 0.3 0.0561229
34 1.51339 0.388388 0.0561229
35 1.46332 0.46332 0.0561229
36 1.38839 0.513388 0.0561229
37 1.3 0.53097 0.0561229
38 1.21161 0.513388 0.0561229
39 1.13668 0.46332 0.0561229
40 1.08661 0.388388 0.0561229
41 1.06903 0.3 0.0561229
42 1.08661 0.211612 0.0561229
43 1.13668 0.13668 0.0561229
44 1.21161 0.0866117 0.0561229
45 1.3 0.0690301 0.0561229
46 1.38839 0.0866117 0.0561229
47 1.46332 0.13668 0.0561229
48 1.51339 0.211612 0.0561229
49 1.55 0.3 0.05
50 1.53097 0.395671 0.05
51 1.47678 0.476777 0.05
52 1.39567 0.53097 0.05
53 1.3 0.55 0.05
54 1.20433 0.53097 0.05
55 1.12322 0.476777 0.05
56 1.06903 0.395671 0.05
57 1.05 0.3 0.05
58 1.06903 0.204329 0.05
59 1.12322 0.123223 0.05
60 1.20433 0.0690301 0.05
61 1.3 0.05 0.05
62 1.39567 0.0690301 0.05
63 1.47678 0.123223 0.05
64 1.53097 0.204329 0.05
65 1.53097 0.3 0.0438771
66 1.51339 0.388388 0.0438771
67 1.46332 0.46332 0.0438771
68 1.38839 0.513388 0.0438771
69 1.3 0.53097 0.0438771
70 1.21161 0.513388 0.0438771
71 1.13668 0.46332 0.0438771
72 1.08661 0.388388 0.0438771
73 1.06903 0.3 0.0438771
74 1.08661 0.211612 0.0438771
75 1.13668 0.13668 0.0438771
76 1.21161 0.0866117 0.0438771
77 1.3 0.0690301 0.0438771
78 1.38839 0.0866117 0.0438771
79 1.46332 0.13668 0.0438771
80 1.51339 0.211612 0.0438771
81 1.47678 0.3 0.0386863
82 1.46332 0.36765 0.0386863
83 1.425 0.425 0.0386863
84 1.36765 0.46332 0.0386863
85 1.3 0.476777 0.0386863
86 1.23235 0.46332 0.0386863
87 1.175 0.425 0.0386863
88 1.13668 0.36765 0.0386863
89 1.12322 0.3 0.0386863
90 1.13668 0.23235 0.0386863
91 1.175 0.175 0.0386863
92 1.23235 0.13668 0.0386863
93 1.3 0.123223 0.0386863
94 1.36765 0.13668 0.0386863
95 1.425 0.175 0.0386863
96 1.46332 0.23235 0.0386863
97 1.39567 0.3 0.0352179
98 1.38839 0.336612 0.0352179
99 1.36765 0.36765 0.0352179
100 1.33661 0.388388 0.0352179
101 1.3 0.395671 0.0352179
102 1.26339 0.388388 0.0352179
103 1.23235 0.36765 0.0352179
104 1.21161 0.336612 0.0352179
105 1.20433 0.3 0.0352179
106 1.21161 0.263388 0.0352179
107 1.23235 0.23235 0.0352179
108 1.26339 0.211612 0.0352179
109 1.3 0.204329 0.0352179
110 1.33661 0.211612 0.0352179
111 1.36765 0.23235 0.0352179
112 1.38839 0.263388 0.0352179
113 1.36378 0.3 0.0598547
114 1.35893 0.324408 0.0598547
115 1.3451 0.3451 0.0598547
116 1.32441 0.358926 0.0598547
117 1.3 0.363781 0.0598547
118 1.27559 0.358926 0.0598547
119 1.2549 0.3451 0.0598547
120 1.24107 0.324408 0.0598547
121 1.23622 0.3 0.0598547
122 1.24107 0.275592 0.0598547
123 1.2549 0.2549 0.0598547
124 1.27559 0.241074 0.0598547
125 1.3 0.236219 0.0598547
126 1.32441 0.241074 0.0598547
127 1.3451 0.2549 0.0598547
128 1.35893 0.275592 0.0598547
129 1.41785 0.3 0.0575425
130 1.40888 0.3451 0.0575425
131 1.38333 0.383333 0.0575425
132 1.3451 0.40888 0.0575425
133 1.3 0.417851 0.0575425
134 1.2549 0.40888 0.0575425
135 1.21667 0.383333 0.0575425
136 1.19112 0.3451 0.0575425
137 1.18215 0.3 0.0575425
138 1.19112 0.2549 0.0575425
139 1.21667 0.216667 0.0575425
140 1.2549 0.19112 0.0575425
141 1.3 0.182149 0.0575425
142 1.3451 0.19112 0.0575425
143 1.38333 0.216667 0.0575425
144 1.40888 0.2549 0.0575425
145 1.45398 0.3 0.054082
146 1.44226 0.358926 0.054082
147 1.40888 0.40888 0.054082
148 1.35893 0.442259 0.054082
149 1.3 0.45398 0.054082
150 1.24107 0.442259 0.054082
151 1.19112 0.40888 0.054082
152 1.15774 0.358926 0.054082
153 1.14602 0.3 0.054082
154 1.15774 0.241074 0.054082
155 1.19112 0.19112 0.054082
156 1.24107 0.157741 0.054082
157 1.3 0.14602 0.054082
158 1.35893 0.157741 0.054082
159 1.40888 0.19112 0.054082
160 1.44226 0.241074 0.054082
161 1.46667 0.3 0.05
162 1.45398 0.363781 0.05
163 1.41785 0.417851 0.05
164 1.36378 0.45398 0.05
165 1.3 0.466667 0.05
166 1.23622 0.45398 0.05
167 1.18215 0.417851 0.05
168 1.14602 0.363781 0.05
169 1.13333 0.3 0.05
170 1.14602 0.236219 0.05
171 1.18215 0.182149 0.05
172 1.23622 0.14602 0.05
173 1.3 0.133333 0.05
174 1.36378 0.14602 0.05
175 1.41785 0.182149 0.05
176 1.45398 0.236219 0.05
177 1.45398 0.3 0.045918
178 1.44226 0.358926 0.045918
179 1.40888 0.40888 0.045918
180 1.35893 0.442259 0.045918
181 1.3 0.45398 0.045918
182 1.24107 0.442259 0.045918
183 1.19112 0.40888 0.045918
184 1.15774 0.358926 0.045918
185 1.14602 0.3 0.045918
186 1.15774 0.241074 0.045918
187 1.19112 0.19112 0.045918
188 1.24107 0.157741 0.045918
189 1.3 0.14602 0.045918
190 1.35893 0.157741 0.045918
191 1.40888 0.19112 0.045918
192 1.44226 0.241074 0.045918
193 1.41785 0.3 0.0424575
194 1.40888 0.3451 0.0424575
195 1.38333 0.383333 0.0424575
196 1.3451 0.40888 0.0424575
197 1.3 0.417851 0.0424575
198 1.2549 0.40888 0.0424575
199 1.21667 0.383333 0.0424575
200 1.19112 0.3451 0.0424575
201 1.18215 0.3 0.0424575
202 1.19112 0.2549 0.0424575
203 1.21667 0.216667 0.0424575
204 1.2549 0.19112 0.0424575
205 1.3 0.182149 0.0424575
206 1.3451 0.19112 0.0424575
207 1.38333 0.216667 0.0424575
208 1.40888 0.2549 0.0424575
209 1.36378 0.3 0.0401453
210 1.35893 0.324408 0.0401453
211 1.3451 0.3451 0.0401453
212 1.32441 0.358926 0.0401453
213 1.3 0.363781 0.0401453
214 1.27559 0.358926 0.0401453
215 1.2549 0.3451 0.0401453
216 1.24107 0.324408 0.0401453
217 1.23622 0.3 0.0401453
218 1.24107 0.275592 0.0401453
219 1.2549 0.2549 0.0401453
220 1.27559 0.241074 0.0401453
221 1.3 0.236219 0.0401453
222 1.32441 0.241074 0.0401453
223 1.3451 0.2549 0.0401453
224 1.35893 0.275592 0.0401453
225 1.33189 0.3 0.0549274
226 1.32946 0.312204 0.0549274
227 1.32255 0.32255 0.0549274
228 1.3122 0.329463 0.0549274
229 1.3 0.33189 0.0549274
230 1.2878 0.329463 0.0549274
231 1.27745 0.32255 0.0549274
232 1.27054 0.312204 0.0549274
233 1.26811 0.3 0.0549274
234 1.27054 0.287796 0.0549274
235 1.27745 0.27745 0.0549274
236 1.2878 0.270537 0.0549274
237 1.3 0.26811 0.0549274
238 1.3122 0.270537 0.0549274
239 1.32255 0.27745 0.0549274
240 1.32946 0.287796 0.0549274
241 1.35893 0.3 0.0537712
242 1.35444 0.32255 0.0537712
243 1.34167 0.341667 0.0537712
244 1.32255 0.35444 0.0537712
245 1.3 0.358926 0.0537712
246 1.27745 0.35444 0.0537712
247 1.25833 0.341667 0.0537712
248 1.24556 0.32255 0.0537712
249 1.24107 0.3 0.0537712
250 1.24556 0.27745 0.0537712
251 1.25833 0.258333 0.0537712
252 1.27745 0.24556 0.0537712
253 1.3 0.241074 0.0537712
254 1.32255 0.24556 0.0537712
255 1.34167 0.258333 0.0537712
256 1.35444 0.27745 0.0537712
257 1.37699 0.3 0.052041
258 1.37113 0.329463 0.052041
259 1.35444 0.35444 0.052041
260 1.32946 0.371129 0.052041
261 1.3 0.37699 0.052041
262 1.27054 0.371129 0.052041
263 1.24556 0.35444 0.052041
264 1.22887 0.329463 0.052041
265 1.22301 0.3 0.052041
266 1.22887 0.270537 0.052041
267 1.24556 0.24556 0.052041
268 1.27054 0.228871 0.052041
269 1.3 0.22301 0.052041
270 1.32946 0.228871 0.052041
271 1.35444 0.24556 0.052041
272 1.37113 0.270537 0.052041
273 1.38333 0.3 0.05
274 1.37699 0.33189 0.05
275 1.35893 0.358926 0.05
276 1.33189 0.37699 0.05
277 1.3 0.383333 0.05
278 1.26811 0.37699 0.05
279 1.24107 0.358926 0.05
280 1.22301 0.33189 0.05
281 1.21667 0.3 0.05
282 1.22301 0.26811 0.05
283 1.24107 0.241074 0.05
284 1.26811 0.22301 0.05
285 1.3 0.216667 0.05
286 1.33189 0.22301 0.05
287 1.35893 0.241074 0.05
288 1.37699 0.26811 0.05
289 1.37699 0.3 0.047959
290 1.37113 0.329463 0.047959
291 1.35444 0.35444 0.047959
292 1.32946 0.371129 0.047959
293 1.3 0.37699 0.047959
294 1.27054 0.371129 0.047959
295 1.24556 0.35444 0.047959
296 1.22887 0.329463 0.047959
297 1.22301 0.3 0.047959
298 1.22887 0.270537 0.047959
299 1.24556 0.24556 0.047959
300 1.27054 0.228871 0.047959
301 1.3 0.22301 0.047959
302 1.32946 0.228871 0.047959
303 1.35444 0.24556 0.047959
304 1.37113 0.270537 0.047959
305 1.35893 0.3 0.0462288
306 1.35444 0.32255 0.0462288
307 1.34167 0.341667 0.0462288
308 1.32255 0.35444 0.0462288
309 1.3 0.358926 0.0462288
310 1.27745 0.35444 0.0462288
311 1.25833 0.341667 0.0462288
312 1.24556 0.32255 0.0462288
313 1.24107 0.3 0.0462288
314 1.24556 0.27745 0.0462288
315 1.25833 0.258333 0.0462288
316 1.27745 0.24556 0.0462288
317 1.3 0.241074 0.0462288
318 1.32255 0.24556 0.0462288
319 1.34167 0.258333 0.0462288
320 1.35444 0.27745 0.0462288
321 1.33189 0.3 0.0450726
322 1.32946 0.312204 0.0450726
323 1.32255 0.32255 0.0450726
324 1.3122 0.329463 0.0450726
325 1.3 0.33189 0.0450726
326 1.2878 0.329463 0.0450726
327 1.27745 0.32255 0.0450726
328 1.27054 0.312204 0.0450726
329 1.26811 0.3 0.0450726
330 1.27054 0.287796 0.0450726
331 1.27745 0.27745 0.0450726
332 1.2878 0.270537 0.0450726
333 1.3 0.26811 0.0450726
334 1.3122 0.270537 0.0450726
335 1.32255 0.27745 0.0450726
336 1.32946 0.287796 0.0450726
337 1.3 0.3 0.066
338 1.3 0.3 0.0606667
339 1.3 0.3 0.0553333
340 1.3 0.3 0.05
341 1.3 0.3 0.0446667
342 1.3 0.3 0.0393333
343 1.3 0.3 0.034
end coordinates
elements
1 113 1 2 337 1
2 113 1 337 16 1
3 113 1 16 17 1
4 113 1 17 18 1
5 113 1 18 2 1
6 114 2 3 337 1
7 114 2 337 113 1
8 114 2 113 18 1
9 114 2 18 19 1
10 114 2 19 3 1
11 115 3 4 337 1
12 115 3 337 114 1
13 115 3 114 19 1
14 115 3 19 20 1
15 115 3 20 4 1
16 116 4 5 337 1
17 116 4 337 115 1
18 116 4 115 20 1
19 116 4 20 21 1
20 116 4 21 5 1
21 117 5 6 337 1
22 117 5 337 116 1
23 117 5 116 21 1
24 117 5 21 22 1
25 117 5 22 6 1
26 118 6 7 337 1
27 118 6 337 117 1
28 118 6 117 22 1
29 118 6 22 23 1
30 118 6 23 7 1
31 119 7 8 337 1
32 119 7 337 118 1
33 119 7 118 23 1
34 119 7 23 24 1
35 119 7 24 8 1
36 120 8 9 337 1
37 120 8 337 119 1
38 120 8 119 24 1
39 120 8 24 25 1
40 120 8 25 9 1
41 121 9 10 337 1
42 121 9 337 120 1
43 121 9 120 25 1
44 121 9 25 26 1
45 121 9 26 10 1
46 122 10 11 337 1
47 122 10 337 121 1
48 122 10 121 26 1
49 122 10 26 27 1
50 122 10 27 11 1
51 123 11 12 337 1
52 123 11 337 122 1
53 123 11 122 27 1
54 123 11 27 28 1
55 123 11 28 12 1
56 124 12 13 337 1
57 124 12 337 123 1
58 124 12 123 28 1
59 124 12 28 29 1
60 124 12 29 13 1
61 125 13 14 337 1
62 125 13 337 124 1
63 125 13 124 29 1
64 125 13 29 30 1
65 125 13 30 14 1
66 126 14 15 337 1
67 126 14 337 125 1
68 126 14 125 30 1
69 126 14 30 31 1
70 126 14 31 15 1
71 127 15 16 337 1
72 127 15 337 126 1
73 127 15 126 31 1
74 127 15 31 32 1
75 127 15 32 16 1
76 128 16 32 17 1
77 128 16 17 113 1
78 128 16 113 337 1
79 128 16 337 127 1
80 128 16 127 32 1
81 129 17 33 34 1
82 129 17 34 18 1
83 129 17 18 113 1
84 129 17 113 128 1
85 129 17 128 32 1
86 129 17 32 33 1
87 130 18 34 35 1
88 130 18 35 19 1
89 130 18 19 114 1
90 130 18 114 113 1
91 130 18 113 129 1
92 130 18 129 34 1
93 131 19 35 36 1
94 131 19 36 20 1
95 131 19 20 115 1
96 131 19 115 114 1
97 131 19 114 130 1
98 131 19 130 35 1
99 132 20 36 37 1
100 132 20 37 21 1
101 132 20 21 116 1
102 132 20 116 115 1
103 132 20 115 131 1
104 132 20 131 36 1
105 133 21 37 38 1
106 133 21 38 22 1
107 133 21 22 117 1
108 133 21 117 116 1
109 133 21 116 132 1
110 133 21 132 37 1
111 134 22 38 39 1
112 134 22 39 23 1
113 134 22 23 118 1
114 134 22 118 117 1
115 134 22 117 133 1
116 134 22 133 38 1
117 135 23 39 40 1
118 135 23 40 24 1
119 135 23 24 119 1
120 135 23 119 118 1
121 135 23 118 134 1
122 135 23 134 39 1
123 136 24 40 41 1
124 136 24 41 25 1
125 136 24 25 120 1
126 136 24 120 119 1
127 136 24 119 135 1
128 136 24 135 40 1
129 137 25 41 42 1
130 137 25 42 26 1
131 137 25 26 121 1
132 137 25 121 120 1
133 137 25 120 136 1
134 137 25 136 41 1
135 138 26 42 43 1
136 138 26 43 27 1
137 138 26 27 122 1
138 138 26 122 121 1
139 138 26 121 137 1
140 138 26 137 42 1
141 139 27 43 44 1
142 139 27 44 28 1
143 139 27 28 123 1
144 139 27 123 122 1
145 139 27 122 138 1
146 139 27 138 43 1
147 140 28 44 45 1
148 140 28 45 29 1
149 140 28 29 124 1
150 140 28 124 123 1
151 140 28 123 139 1
152 140 28 139 44 1
153 141 29 45 46 1
154 141 29 46 30 1
155 141 29 30 125 1
156 141 29 125 124 1
157 141 29 124 140 1
158 141 29 140 45 1
159 142 30 46 47 1
160 142 30 47 31 1
161 142 30 31 126 1
162 142 30 126 125 1
163 142 30 125 141 1
164 142 30 141 46 1
165 143 31 47 48 1
166 143 31 48 32 1
167 143 31 32 127 1
168 143 31 127 126 1
169 143 31 126 142 1
170 143 31 142 47 1
171 144 32 48 33 1
172 144 32 33 129 1
173 144 32 129 128 1
174 144 32 128 127 1
175 144 32 127 143 1
176 144 32 143 48 1
177 145 33 49 50 1
178 145 33 50 34 1
179 145 33 34 129 1
180 145 33 129 144 1
181 145 33 144 48 1
182 145 33 48 49 1
183 146 34 50 51 1
184 146 34 51 35 1
185 146 34 35 130 1
186 146 34 130 129 1
187 146 34 129 145 1
188 146 34 145 50 1
189 147 35 51 52 1
190 147 35 52 36 1
191 147 35 36 131 1
192 147 35 131 130 1
193 147 35 130 146 1
194 147 35 146 51 1
195 148 36 52 53 1
196 148 36 53 37 1
197 148 36 37 132 1
198 148 36 132 131 1
199 148 36 131 147 1
200 148 36 147 52 1
201 149 37 53 54 1
202 149 37 54 38 1
203 149 37 38 133 1
204 149 37 133 132 1
205 149 37 132 148 1
206 149 37 148 53 1
207 150 38 54 55 1
208 150 38 55 39 1
209 150 38 39 134 1
210 150 38 134 133 1
211 150 38 133 149 1
212 150 38 149 54 1
213 151 39 55 56 1
214 151 39 56 40 1
215 151 39 40 135 1
216 151 39 135 134 1
217 151 39 134 150 1
218 151 39 150 55 1
219 152 40 56 57 1
220 152 40 57 41 1
221 152 40 41 136 1
222 152 40 136 135 1
223 152 40 135 151 1
224 152 40 151 56 1
225 153 41 57 58 1
226 153 41 58 42 1
227 153 41 42 137 1
228 153 41 137 136 1
229 153 41 136 152 1
230 153 41 152 57 1
231 154 42 58 59 1
232 154 42 59 43 1
233 154 42 43 138 1
234 154 42 138 137 1
235 154 42 137 153 1
236 154 42 153 58 1
237 155 43 59 60 1
238 155 43 60 44 1
239 155 43 44 139 1
240 155 43 139 138 1
241 155 43 138 154 1
242 155 43 154 59 1
243 156 44 60 61 1
244 156 44 61 45 1
245 156 44 45 140 1
246 156 44 140 139 1
247 156 44 139 155 1
248 156 44 155 60 1
249 157 45 61 62 1
250 157 45 62 46 1
251 157 45 46 141 1
252 157 45 141 140 1
253 157 45 140 156 1
254 157 45 156 61 1
255 158 46 62 63 1
256 158 46 63 47 1
257 158 46 47 142 1
258 158 46 142 141 1
259 158 46 141 157 1
260 158 46 157 62 1
261 159 47 63 64 1
262 159 47 64 48 1
263 159 47 48 143 1
264 159 47 143 142 1
265 159 47 142 158 1
266 159 47 158 63 1
267 160 48 64 49 1
268 160 48 49 145 1
269 160 48 145 144 1
270 160 48 144 143 1
271 160 48 143 159 1
272 160 48 159 64 1
273 161 49 65 66 1
274 161 49 66 50 1
275 161 49 50 145 1
276 161 49 145 160 1
277 161 49 160 64 1
278 161 49 64 65 1
279 162 50 66 67 1
280 162 50 67 51 1
281 162 50 51 146 1
282 162 50 146 145 1
283 162 50 145 161 1
284 162 50 161 66 1
285 163 51 67 68 1
286 163 51 68 52 1
287 163 51 52 147 1
288 163 51 147 146 1
289 163 51 146 162 1
290 163 51 162 67 1
291 164 52 68 69 1
292 164 52 69 53 1
293 164 52 53 148 1
294 164 52 148 147 1
295 164 52 147 163 1
296 164 52 163 68 1
297 165 53 69 70 1
298 165 53 70 54 1
299 165 53 54 149 1
300 165 53 149 148 1
301 165 53 148 164 1
302 165 53 164 69 1
303 166 54 70 71 1
304 166 54 71 55 1
305 166 54 55 150 1
306 166 54 150 149 1
307 166 54 149 165 1
308 166 54 165 70 1
309 167 55 71 72 1
310 167 55 72 56 1
311 167 55 56 151 1
312 167 55 151 150 1
313 167 55 150 166 1
314 167 55 166 71 1
315 168 56 72 73 1
316 168 56 73 57 1
317 168 56 57 152 1
318 168 56 152 151 1
319 168 56 151 167 1
320 168 56 167 72 1
321 169 57 73 74 1
322 169 57 74 58 1
323 169 57 58 153 1
324 169 57 153 152 1
325 169 57 152 168 1
326 169 57 168 73 1
327 170 58 74 75 1
328 170 58 75 59 1
329 170 58 59 154 1
330 170 58 154 153 1
331 170 58 153 169 1
332 170 58 169 74 1
333 171 59 75 76 1
334 171 59 76 60 1
335 171 59 60 155 1
336 171 59 155 154 1
337 171 59 154 170 1
338 171 59 170 75 1
339 172 60 76 77 1
340 172 60 77 61 1
341 172 60 61 156 1
342 172 60 156 155 1
343 172 60 155 171 1
344 172 60 171 76 1
345 173 61 77 78 1
346 173 61 78 62 1
347 173 61 62 157 1
348 173 61 157 156 1
349 173 61 156 172 1
350 173 61 172 77 1
351 174 62 78 79 1
352 174 62 79 63 1
353 174 62 63 158 1
354 174 62 158 157 1
355 174 62 157 173 1
356 174 62 173 78 1
357 175 63 79 80 1
358 175 63 80 64 1
359 175 63 64 159 1
360 175 63 159 158 1
361 175 63 158 174 1
362 175 63 174 79 1
363 176 64 80 65 1
364 176 64 65 161 1
365 176 64 161 160 1
366 176 64 160 159 1
367 176 64 159 175 1
368 176 64 175 80 1
369 177 65 81 82 1
370 177 65 82 66 1
371 177 65 66 161 1
372 177 65 161 176 1
373 177 65 176 80 1
374 177 65 80 81 1
375 178 66 82 83 1
376 178 66 83 67 1
377 178 66 67 162 1
378 178 66 162 161 1
379 178 66 161 177 1
380 178 66 177 82 1
381 179 67 83 84 1
382 179 67 84 68 1
383 179 67 68 163 1
384 179 67 163 162 1
385 179 67 162 178 1
386 179 67 178 83 1
387 180 68 84 85 1
388 180 68 85 69 1
389 180 68 69 164 1
390 180 68 164 163 1
391 180 68 163 179 1
392 180 68 179 84 1
393 181 69 85 86 1
394 181 69 86 70 1
395 181 69 70 165 1
396 181 69 165 164 1
397 181 69 164 180 1
398 181 69 180 85 1
399 182 70 86 87 1
400 182 70 87 71 1
401 182 70 71 166 1
402 182 70 166 165 1
403 182 70 165 181 1
404 182 70 181 86 1
405 183 71 87 88 1
406 183 71 88 72 1
407 183 71 72 167 1
408 183 71 167 166 1
409 183 71 166 182 1
410 183 71 182 87 1
411 184 72 88 89 1
412 184 72 89 73 1
413 184 72 73 168 1
414 184 72 168 167 1
415 184 72 167 183 1
416 184 72 183 88 1
417 185 73 89 90 1
418 185 73 90 74 1
419 185 73 74 169 1
420 185 73 169 168 1
421 185 73 168 184 1
422 185 73 184 89 1
423 186 74 90 91 1
424 186 74 91 75 1
425 186 74 75 170 1
426 186 74 170 169 1
427 186 74 169 185 1
428 186 74 185 90 1
429 187 75 91 92 1
430 187 75 92 76 1
431 187 75 76 171 1
432 187 75 171 170 1
433 187 75 170 186 1
434 187 75 186 91 1
435 188 76 92 93 1
436 188 76 93 77 1
437 188 76 77 172 1
438 188 76 172 171 1
439 188 76 171 187 1
440 188 76 187 92 1
441 189 77 93 94 1
442 189 77 94 78 1
443 189 77 78 173 1
444 189 77 173 172 1
445 189 77 172 188 1
446 189 77 188 93 1
447 190 78 94 95 1
448 190 78 95 79 1
449 190 78 79 174 1
450 190 78 174 173 1
451 190 78 173 189 1
452 190 78 189 94 1
453 191 79 95 96 1
454 191 79 96 80 1
455 191 79 80 175 1
456 191 79 175 174 1
457 191 79 174 190 1
458 191 79 190 95 1
459 192 80 96 81 1
460 192 80 81 177 1
461 192 80 177 176 1
462 192 80 176 175 1
463 192 80 175 191 1
464 192 80 191 96 1
465 193 81 97 98 1
466 193 81 98 82 1
467 193 81 82 177 1
468 193 81 177 192 1
469 193 81 192 96 1
470 193 81 96 97 1
471 194 82 98 99 1
472 194 82 99 83 1
473 194 82 83 178 1
474 194 82 178 177 1
475 194 82 177 193 1
476 194 82 193 98 1
477 195 83 99 100 1
478 195 83 100 84 1
479 195 83 84 179 1
480 195 83 179 178 1
481 195 83 178 194 1
482 195 83 194 99 1
483 196 84 100 101 1
484 196 84 101 85 1
485 196 84 85 180 1
486 196 84 180 179 1
487 196 84 179 195 1
488 196 84 195 100 1
489 197 85 101 102 1
490 197 85 102 86 1
491 197 85 86 181 1
492 197 85 181 180 1
493 197 85 180 196 1
494 197 85 196 101 1
495 198 86 102 103 1
496 198 86 103 87 1
497 198 86 87 182 1
498 198 86 182 181 1
499 198 86 181 197 1
500 198 86 197 102 1
501 199 87 103 104 1
502 199 87 104 88 1
503 199 87 88 183 1
504 199 87 183 182 1
505 199 87 182 198 1
506 199 87 198 103 1
507 200 88 104 105 1
508 200 88 105 89 1
509 200 88 89 184 1
510 200 88 184 183 1
511 200 88 183 199 1
512 200 88 199 104 1
513 201 89 105 106 1
514 201 89 106 90 1
515 201 89 90 185 1
516 201 89 185 184 1
517 201 89 184 200 1
518 201 89 200 105 1
519 202 90 106 107 1
520 202 90 107 91 1
521 202 90 91 186 1
522 202 90 186 185 1
523 202 90 185 201 1
524 202 90 201 106 1
525 203 91 107 108 1
526 203 91 108 92 1
527 203 91 92 187 1
528 203 91 187 186 1
529 203 91 186 202 1
530 203 91 202 107 1
531 204 92 108 109 1
532 204 92 109 93 1
533 204 92 93 188 1
534 204 92 188 187 1
535 204 92 187 203 1
536 204 92 203 108 1
537 205 93 109 110 1
538 205 93 110 94 1
539 205 93 94 189 1
540 205 93 189 188 1
541 205 93 188 204 1
542 205 93 204 109 1
543 206 94 110 111 1
544 206 94 111 95 1
545 206 94 95 190 1
546 206 94 190 189 1
547 206 94 189 205 1
548 206 94 205 110 1
549 207 95 111 112 1
550 207 95 112 96 1
551 207 95 96 191 1
552 207 95 191 190 1
553 207 95 190 206 1
554 207 95 206 111 1
555 208 96 112 97 1
556 208 96 97 193 1
557 208 96 193 192 1
558 208 96 192 191 1
559 208 96 191 207 1
560 208 96 207 112 1
561 209 97 343 98 1
562 209 97 98 193 1
563 209 97 193 208 1
564 209 97 208 112 1
565 209 97 112 343 1
566 210 98 343 99 1
567 210 98 99 194 1
568 210 98 194 193 1
569 210 98 193 209 1
570 210 98 209 343 1
571 211 99 343 100 1
572 211 99 100 195 1
573 211 99 195 194 1
574 211 99 194 210 1
575 211 99 210 343 1
576 212 100 343 101 1
577 212 100 101 196 1
578 212 100 196 195 1
579 212 100 195 211 1
580 212 100 211 343 1
581 213 101 343 102 1
582 213 101 102 197 1
583 213 101 197 196 1
584 213 101 196 212 1
585 213 101 212 343 1
586 214 102 343 103 1
587 214 102 103 198 1
588 214 102 198 197 1
589 214 102 197 213 1
590 214 102 213 343 1
591 215 103 343 104 1
592 215 103 104 199 1
593 215 103 199 198 1
594 215 103 198 214 1
595 215 103 214 343 1
596 216 104 343 105 1
597 216 104 105 200 1
598 216 104 200 199 1
599 216 104 199 215 1
600 216 104 215 343 1
601 217 105 343 106 1
602 217 105 106 201 1
603 217 105 201 200 1
604 217 105 200 216 1
605 217 105 216 343 1
606 218 106 343 107 1
607 218 106 107 202 1
608 218 106 202 201 1
609 218 106 201 217 1
610 218 106 217 343 1
611 219 107 343 108 1
612 219 107 108 203 1
613 219 107 203 202 1
614 219 107 202 218 1
615 219 107 218 343 1
616 220 108 343 109 1
617 220 108 109 204 1
618 220 108 204 203 1
619 220 108 203 219 1
620 220 108 219 343 1
621 221 109 343 110 1
622 221 109 110 205 1
623 221 109 205 204 1
624 221 109 204 220 1
625 221 109 220 343 1
626 222 110 343 111 1
627 222 110 111 206 1
628 222 110 206 205 1
629 222 110 205 221 1
630 222 110 221 343 1
631 223 111 343 112 1
632 223 111 112 207 1
633 223 111 207 206 1
634 223 111 206 222 1
635 223 111 222 343 1
636 224 112 208 207 1
637 224 112 207 223 1
638 224 112 223 343 1
639 224 112 343 209 1
640 224 112 209 208 1
641 338 337 113 114 1
642 338 337 114 115 1
643 338 337 115 116 1
644 338 337 116 117 1
645 338 337 117 118 1
646 338 337 118 119 1
647 338 337 119 120 1
648 338 337 120 121 1
649 338 337 121 122 1
650 338 337 122 123 1
651 338 337 123 124 1
652 338 337 124 125 1
653 338 337 125 126 1
654 338 337 126 127 1
655 338 337 127 128 1
656 338 337 128 113 1
657 342 343 210 209 1
658 342 343 209 224 1
659 342 343 224 223 1
660 342 343 223 222 1
661 342 343 222 221 1
662 342 343 221 220 1
663 342 343 220 219 1
664 342 343 219 218 1
665 342 343 218 217 1
666 342 343 217 216 1
667 342 343 216 215 1
668 342 343 215 214 1
669 342 343 214 213 1
670 342 343 213 212 1
671 342 343 212 211 1
672 342 343 211 210 1
673 225 113 128 129 1
674 225 113 129 130 1
675 225 113 130 114 1
676 225 113 114 338 1
677 225 113 338 128 1
678 226 114 131 115 1
679 226 114 115 338 1
680 226 114 338 225 1
681 226 114 225 130 1
682 226 114 130 131 1
683 227 115 132 116 1
684 227 115 116 338 1
685 227 115 338 226 1
686 227 115 226 131 1
687 227 115 131 132 1
688 228 116 133 117 1
689 228 116 117 338 1
690 228 116 338 227 1
691 228 116 227 132 1
692 228 116 132 133 1
693 229 117 134 118 1
694 229 117 118 338 1
695 229 117 338 228 1
696 229 117 228 133 1
697 229 117 133 134 1
698 230 118 135 119 1
699 230 118 119 338 1
700 230 118 338 229 1
701 230 118 229 134 1
702 230 118 134 135 1
703 231 119 136 120 1
704 231 119 120 338 1
705 231 119 338 230 1
706 231 119 230 135 1
707 231 119 135 136 1
708 232 120 137 121 1
709 232 120 121 338 1
710 232 120 338 231 1
711 232 120 231 136 1
712 232 120 136 137 1
713 233 121 138 122 1
714 233 121 122 338 1
715 233 121 338 232 1
716 233 121 232 137 1
717 233 121 137 138 1
718 234 122 139 123 1
719 234 122 123 338 1
720 234 122 338 233 1
721 234 122 233 138 1
722 234 122 138 139 1
723 235 123 140 124 1
724 235 123 124 338 1
725 235 123 338 234 1
726 235 123 234 139 1
727 235 123 139 140 1
728 236 124 141 125 1
729 236 124 125 338 1
730 236 124 338 235 1
731 236 124 235 140 1
732 236 124 140 141 1
733 237 125 142 126 1
734 237 125 126 338 1
735 237 125 338 236 1
736 237 125 236 141 1
737 237 125 141 142 1
738 238 126 143 127 1
739 238 126 127 338 1
740 238 126 338 237 1
741 238 126 237 142 1
742 238 126 142 143 1
743 239 127 144 128 1
744 239 127 128 338 1
745 239 127 338 238 1
746 239 127 238 143 1
747 239 127 143 144 1
748 240 128 144 129 1
749 240 128 129 225 1
750 240 128 225 338 1
751 240 128 338 239 1
752 240 128 239 144 1
753 340 241 225 240 1
754 241 129 144 145 1
755 241 129 145 146 1
756 241 129 146 130 1
757 241 129 130 225 1
758 241 129 225 240 1
759 241 129 240 144 1
760 340 242 226 225 1
761 340 242 225 241 1
762 242 130 147 131 1
763 242 130 131 226 1
764 242 130 226 225 1
765 242 130 225 241 1
766 242 130 241 146 1
767 242 130 146 147 1
768 340 243 227 226 1
769 340 243 226 242 1
770 243 131 148 132 1
771 243 131 132 227 1
772 243 131 227 226 1
773 243 131 226 242 1
774 243 131 242 147 1
775 243 131 147 148 1
776 340 244 228 227 1
777 340 244 227 243 1
778 244 132 149 133 1
779 244 132 133 228 1
780 244 132 228 227 1
781 244 132 227 243 1
782 244 132 243 148 1
783 244 132 148 149 1
784 340 245 229 228 1
785 340 245 228 244 1
786 245 133 150 134 1
787 245 133 134 229 1
788 245 133 229 228 1
789 245 133 228 244 1
790 245 133 244 149 1
791 245 133 149 150 1
792 340 246 230 229 1
793 340 246 229 245 1
794 246 134 151 135 1
795 246 134 135 230 1
796 246 134 230 229 1
797 246 134 229 245 1
798 246 134 245 150 1
799 246 134 150 151 1
800 340 247 231 230 1
801 340 247 230 246 1
802 247 135 152 136 1
803 247 135 136 231 1
804 247 135 231 230 1
805 247 135 230 246 1
806 247 135 246 151 1
807 247 135 151 152 1
808 340 248 232 231 1
809 340 248 231 247 1
810 248 136 153 137 1
811 248 136 137 232 1
812 248 136 232 231 1
813 248 136 231 247 1
814 248 136 247 152 1
815 248 136 152 153 1
816 340 249 233 232 1
817 340 249 232 248 1
818 249 137 154 138 1
819 249 137 138 233 1
820 249 137 233 232 1
821 249 137 232 248 1
822 249 137 248 153 1
823 249 137 153 154 1
824 340 250 234 233 1
825 340 250 233 249 1
826 250 138 155 139 1
827 250 138 139 234 1
828 250 138 234 233 1
829 250 138 233 249 1
830 250 138 249 154 1
831 250 138 154 155 1
832 340 251 235 234 1
833 340 251 234 250 1
834 251 139 156 140 1
835 251 139 140 235 1
836 251 139 235 234 1
837 251 139 234 250 1
838 251 139 250 155 1
839 251 139 155 156 1
840 340 252 236 235 1
841 340 252 235 251 1
842 252 140 157 141 1
843 252 140 141 236 1
844 252 140 236 235 1
845 252 140 235 251 1
846 252 140 251 156 1
847 252 140 156 157 1
848 340 253 237 236 1
849 340 253 236 252 1
850 253 141 158 142 1
851 253 141 142 237 1
852 253 141 237 236 1
853 253 141 236 252 1
854 253 141 252 157 1
855 253 141 157 158 1
856 340 254 238 237 1
857 340 254 237 253 1
858 254 142 159 143 1
859 254 142 143 238 1
860 254 142 238 237 1
861 254 142 237 253 1
862 254 142 253 158 1
863 254 142 158 159 1
864 340 255 239 238 1
865 340 255 238 254 1
866 255 143 160 144 1
867 255 143 144 239 1
868 255 143 239 238 1
869 255 143 238 254 1
870 255 143 254 159 1
871 255 143 159 160 1
872 340 256 241 240 1
873 340 256 240 239 1
874 340 256 239 255 1
875 256 144 160 145 1
876 256 144 145 241 1
877 256 144 241 240 1
878 256 144 240 239 1
879 256 144 239 255 1
880 256 144 255 160 1
881 340 257 241 256 1
882 257 145 160 161 1
883 257 145 161 162 1
884 257 145 162 146 1
885 257 145 146 241 1
886 257 145 241 256 1
887 257 145 256 160 1
888 340 258 242 241 1
889 340 258 241 257 1
890 258 146 163 147 1
891 258 146 147 242 1
892 258 146 242 241 1
893 258 146 241 257 1
894 258 146 257 162 1
895 258 146 162 163 1
896 340 259 243 242 1
897 340 259 242 258 1
898 259 147 164 148 1
899 259 147 148 243 1
900 259 147 243 242 1
901 259 147 242 258 1
902 259 147 258 163 1
903 259 147 163 164 1
904 340 260 244 243 1
905 340 260 243 259 1
906 260 148 165 149 1
907 260 148 149 244 1
908 260 148 244 243 1
909 260 148 243 259 1
910 260 148 259 164 1
911 260 148 164 165 1
912 340 261 245 244 1
913 340 261 244 260 1
914 261 149 166 150 1
915 261 149 150 245 1
916 261 149 245 244 1
917 261 149 244 260 1
918 261 149 260 165 1
919 261 149 165 166 1
920 340 262 246 245 1
921 340 262 245 261 1
922 262 150 167 151 1
923 262 150 151 246 1
924 262 150 246 245 1
925 262 150 245 261 1
926 262 150 261 166 1
927 262 150 166 167 1
928 340 263 247 246 1
929 340 263 246 262 1
930 263 151 168 152 1
931 263 151 152 247 1
932 263 151 247 246 1
933 263 151 246 262 1
934 263 151 262 167 1
935 263 151 167 168 1
936 340 264 248 247 1
937 340 264 247 263 1
938 264 152 169 153 1
939 264 152 153 248 1
940 264 152 248 247 1
941 264 152 247 263 1
942 264 152 263 168 1
943 264 152 168 169 1
944 340 265 249 248 1
945 340 265 248 264 1
946 265 153 170 154 1
947 265 153 154 249 1
948 265 153 249 248 1
949 265 153 248 264 1
950 265 153 264 169 1
951 265 153 169 170 1
952 340 266 250 249 1
953 340 266 249 265 1
954 266 154 171 155 1
955 266 154 155 250 1
956 266 154 250 249 1
957 266 154 249 265 1
958 266 154 265 170 1
959 266 154 170 171 1
960 340 267 251 250 1
961 340 267 250 266 1
962 267 155 172 156 1
963 267 155 156 251 1
964 267 155 251 250 1
965 267 155 250 266 1
966 267 155 266 171 1
967 267 155 171 172 1
968 340 268 252 251 1
969 340 268 251 267 1
970 268 156 173 157 1
971 268 156 157 252 1
972 268 156 252 251 1
973 268 156 251 267 1
974 268 156 267 172 1
975 268 156 172 173 1
976 340 269 253 252 1
977 340 269 252 268 1
978 269 157 174 158 1
979 269 157 158 253 1
980 269 157 253 252 1
981 269 157 252 268 1
982 269 157 268 173 1
983 269 157 173 174 1
984 340 270 254 253 1
985 340 270 253 269 1
986 270 158 175 159 1
987 270 158 159 254 1
988 270 158 254 253 1
989 270 158 253 269 1
990 270 158 269 174 1
991 270 158 174 175 1
992 340 271 255 254 1
993 340 271 254 270 1
994 271 159 176 160 1
995 271 159 160 255 1
996 271 159 255 254 1
997 271 159 254 270 1
998 271 159 270 175 1
999 271 159 175 176 1
1000 340 272 257 256 1
1001 340 272 256 255 1
1002 340 272 255 271 1
1003 272 160 176 161 1
1004 272 160 161 257 1
1005 272 160 257 256 1
1006 272 160 256 255 1
1007 272 160 255 271 1
1008 272 160 271 176 1
1009 340 273 257 272 1
1010 273 161 176 177 1
1011 273 161 177 178 1
1012 273 161 178 162 1
1013 273 161 162 257 1
1014 273 161 257 272 1
1015 273 161 272 176 1
1016 340 274 258 257 1
1017 340 274 257 273 1
1018 274 162 179 163 1
1019 274 162 163 258 1
1020 274 162 258 257 1
1021 274 162 257 273 1
1022 274 162 273 178 1
1023 274 162 178 179 1
1024 340 275 259 258 1
1025 340 275 258 274 1
1026 275 163 180 164 1
1027 275 163 164 259 1
1028 275 163 259 258 1
1029 275 163 258 274 1
1030 275 163 274 179 1
1031 275 163 179 180 1
1032 340 276 260 259 1
1033 340 276 259 275 1
1034 276 164 181 165 1
1035 276 164 165 260 1
1036 276 164 260 259 1
1037 276 164 259 275 1
1038 276 164 275 180 1
1039 276 164 180 181 1
1040 340 277 261 260 1
1041 340 277 260 276 1
1042 277 165 182 166 1
1043 277 165 166 261 1
1044 277 165 261 260 1
1045 277 165 260 276 1
1046 277 165 276 181 1
1047 277 165 181 182 1
1048 340 278 262 261 1
1049 340 278 261 277 1
1050 278 166 183 167 1
1051 278 166 167 262 1
1052 278 166 262 261 1
1053 278 166 261 277 1
1054 278 166 277 182 1
1055 278 166 182 183 1
1056 340 279 263 262 1
1057 340 279 262 278 1
1058 279 167 184 168 1
1059 279 167 168 263 1
1060 279 167 263 262 1
1061 279 167 262 278 1
1062 279 167 278 183 1
1063 279 167 183 184 1
1064 340 280 264 263 1
1065 340 280 263 279 1
1066 280 168 185 169 1
1067 280 168 169 264 1
1068 280 168 264 263 1
1069 280 168 263 279 1
1070 280 168 279 184 1
1071 280 168 184 185 1
1072 340 281 265 264 1
1073 340 281 264 280 1
1074 281 169 186 170 1
1075 281 169 170 265 1
1076 281 169 265 264 1
1077 281 169 264 280 1
1078 281 169 280 185 1
1079 281 169 185 186 1
1080 340 282 266 265 1
1081 340 282 265 281 1
1082 282 170 187 171 1
1083 282 170 171 266 1
1084 282 170 266 265 1
1085 282 170 265 281 1
1086 282 170 281 186 1
1087 282 170 186 187 1
1088 340 283 267 266 1
1089 340 283 266 282 1
1090 283 171 188 172 1
1091 283 171 172 267 1
1092 283 171 267 266 1
1093 283 171 266 282 1
1094 283 171 282 187 1
1095 283 171 187 188 1
1096 340 284 268 267 1
1097 340 284 267 283 1
1098 284 172 189 173 1
1099 284 172 173 268 1
1100 284 172 268 267 1
1101 284 172 267 283 1
1102 284 172 283 188 1
1103 284 172 188 189 1
1104 340 285 269 268 1
1105 340 285 268 284 1
1106 285 173 190 174 1
1107 285 173 174 269 1
1108 285 173 269 268 1
1109 285 173 268 284 1
1110 285 173 284 189 1
1111 285 173 189 190 1
1112 340 286 270 269 1
1113 340 286 269 285 1
1114 286 174 191 175 1
1115 286 174 175 270 1
1116 286 174 270 269 1
1117 286 174 269 285 1
1118 286 174 285 190 1
1119 286 174 190 191 1
1120 340 287 271 270 1
1121 340 287 270 286 1
1122 287 175 192 176 1
1123 287 175 176 271 1
1124 287 175 271 270 1
1125 287 175 270 286 1
1126 287 175 286 191 1
1127 287 175 191 192 1
1128 340 288 273 272 1
1129 340 288 272 271 1
1130 340 288 271 287 1
1131 288 176 192 177 1
1132 288 176 177 273 1
1133 288 176 273 272 1
1134 288 176 272 271 1
1135 288 176 271 287 1
1136 288 176 287 192 1
1137 340 289 273 288 1
1138 289 177 192 193 1
1139 289 177 193 194 1
1140 289 177 194 178 1
1141 289 177 178 273 1
1142 289 177 273 288 1
1143 289 177 288 192 1
1144 340 290 274 273 1
1145 340 290 273 289 1
1146 290 178 195 179 1
1147 290 178 179 274 1
1148 290 178 274 273 1
1149 290 178 273 289 1
1150 290 178 289 194 1
1151 290 178 194 195 1
1152 340 291 275 274 1
1153 340 291 274 290 1
1154 291 179 196 180 1
1155 291 179 180 275 1
1156 291 179 275 274 1
1157 291 179 274 290 1
1158 291 179 290 195 1
1159 291 179 195 196 1
1160 340 292 276 275 1
1161 340 292 275 291 1
1162 292 180 197 181 1
1163 292 180 181 276 1
1164 292 180 276 275 1
1165 292 180 275 291 1
1166 292 180 291 196 1
1167 292 180 196 197 1
1168 340 293 277 276 1
1169 340 293 276 292 1
1170 293 181 198 182 1
1171 293 181 182 277 1
1172 293 181 277 276 1
1173 293 181 276 292 1
1174 293 181 292 197 1
1175 293 181 197 198 1
1176 340 294 278 277 1
1177 340 294 277 293 1
1178 294 182 199 183 1
1179 294 182 183 278 1
1180 294 182 278 277 1
1181 294 182 277 293 1
1182 294 182 293 198 1
1183 294 182 198 199 1
1184 340 295 279 278 1
1185 340 295 278 294 1
1186 295 183 200 184 1
1187 295 183 184 279 1
1188 295 183 279 278 1
1189 295 183 278 294 1
1190 295 183 294 199 1
1191 295 183 199 200 1
1192 340 296 280 279 1
1193 340 296 279 295 1
1194 296 184 201 185 1
1195 296 184 185 280 1
1196 296 184 280 279 1
1197 296 184 279 295 1
1198 296 184 295 200 1
1199 296 184 200 201 1
1200 340 297 281 280 1
1201 340 297 280 296 1
1202 297 185 202 186 1
1203 297 185 186 281 1
1204 297 185 281 280 1
1205 297 185 280 296 1
1206 297 185 296 201 1
1207 297 185 201 202 1
1208 340 298 282 281 1
1209 340 298 281 297 1
1210 298 186 203 187 1
1211 298 186 187 282 1
1212 298 186 282 281 1
1213 298 186 281 297 1
1214 298 186 297 202 1
1215 298 186 202 203 1
1216 340 299 283 282 1
1217 340 299 282 298 1
1218 299 187 204 188 1
1219 299 187 188 283 1
1220 299 187 283 282 1
1221 299 187 282 298 1
1222 299 187 298 203 1
1223 299 187 203 204 1
1224 340 300 284 283 1
1225 340 300 283 299 1
1226 300 188 205 189 1
1227 300 188 189 284 1
1228 300 188 284 283 1
1229 300 188 283 299 1
1230 300 188 299 204 1
1231 300 188 204 205 1
1232 340 301 285 284 1
1233 340 301 284 300 1
1234 301 189 206 190 1
1235 301 189 190 285 1
1236 301 189 285 284 1
1237 301 189 284 300 1
1238 301 189 300 205 1
1239 301 189 205 206 1
1240 340 302 286 285 1
1241 340 302 285 301 1
1242 302 190 207 191 1
1243 302 190 191 286 1
1244 302 190 286 285 1
1245 302 190 285 301 1
1246 302 190 301 206 1
1247 302 190 206 207 1
1248 340 303 287 286 1
1249 340 303 286 302 1
1250 303 191 208 192 1
1251 303 191 192 287 1
1252 303 191 287 286 1
1253 303 191 286 302 1
1254 303 191 302 207 1
1255 303 191 207 208 1
1256 340 304 289 288 1
1257 340 304 288 287 1
1258 340 304 287 303 1
1259 304 192 208 193 1
1260 304 192 193 289 1
1261 304 192 289 288 1
1262 304 192 288 287 1
1263 304 192 287 303 1
1264 304 192 303 208 1
1265 340 305 289 304 1
1266 305 193 208 209 1
1267 305 193 209 210 1
1268 305 193 210 194 1
1269 305 193 194 289 1
1270 305 193 289 304 1
1271 305 193 304 208 1
1272 340 306 290 289 1
1273 340 306 289 305 1
1274 306 194 211 195 1
1275 306 194 195 290 1
1276 306 194 290 289 1
1277 306 194 289 305 1
1278 306 194 305 210 1
1279 306 194 210 211 1
1280 340 307 291 290 1
1281 340 307 290 306 1
1282 307 195 212 196 1
1283 307 195 196 291 1
1284 307 195 291 290 1
1285 307 195 290 306 1
1286 307 195 306 211 1
1287 307 195 211 212 1
1288 340 308 292 291 1
1289 340 308 291 307 1
1290 308 196 213 197 1
1291 308 196 197 292 1
1292 308 196 292 291 1
1293 308 196 291 307 1
1294 308 196 307 212 1
1295 308 196 212 213 1
1296 340 309 293 292 1
1297 340 309 292 308 1
1298 309 197 214 198 1
1299 309 197 198 293 1
1300 309 197 293 292 1
1301 309 197 292 308 1
1302 309 197 308 213 1
1303 309 197 213 214 1
1304 340 310 294 293 1
1305 340 310 293 309 1
1306 310 198 215 199 1
1307 310 198 199 294 1
1308 310 198 294 293 1
1309 310 198 293 309 1
1310 310 198 309 214 1
1311 310 198 214 215 1
1312 340 311 295 294 1
1313 340 311 294 310 1
1314 311 199 216 200 1
1315 311 199 200 295 1
1316 311 199 295 294 1
1317 311 199 294 310 1
1318 311 199 310 215 1
1319 311 199 215 216 1
1320 340 312 296 295 1
1321 340 312 295 311 1
1322 312 200 217 201 1
1323 312 200 201 296 1
1324 312 200 296 295 1
1325 312 200 295 311 1
1326 312 200 311 216 1
1327 312 200 216 217 1
1328 340 313 297 296 1
1329 340 313 296 312 1
1330 313 201 218 202 1
1331 313 201 202 297 1
1332 313 201 297 296 1
1333 313 201 296 312 1
1334 313 201 312 217 1
1335 313 201 217 218 1
1336 340 314 298 297 1
1337 340 314 297 313 1
1338 314 202 219 203 1
1339 314 202 203 298 1
1340 314 202 298 297 1
1341 314 202 297 313 1
1342 314 202 313 218 1
1343 314 202 218 219 1
1344 340 315 299 298 1
1345 340 315 298 314 1
1346 315 203 220 204 1
1347 315 203 204 299 1
1348 315 203 299 298 1
1349 315 203 298 314 1
1350 315 203 314 219 1
1351 315 203 219 220 1
1352 340 316 300 299 1
1353 340 316 299 315 1
1354 316 204 221 205 1
1355 316 204 205 300 1
1356 316 204 300 299 1
1357 316 204 299 315 1
1358 316 204 315 220 1
1359 316 204 220 221 1
1360 340 317 301 300 1
1361 340 317 300 316 1
1362 317 205 222 206 1
1363 317 205 206 301 1
1364 317 205 301 300 1
1365 317 205 300 316 1
1366 317 205 316 221 1
1367 317 205 221 222 1
1368 340 318 302 301 1
1369 340 318 301 317 1
1370 318 206 223 207 1
1371 318 206 207 302 1
1372 318 206 302 301 1
1373 318 206 301 317 1
1374 318 206 317 222 1
1375 318 206 222 223 1
1376 340 319 303 302 1
1377 340 319 302 318 1
1378 319 207 224 208 1
1379 319 207 208 303 1
1380 319 207 303 302 1
1381 319 207 302 318 1
1382 319 207 318 223 1
1383 319 207 223 224 1
1384 340 320 305 304 1
1385 340 320 304 303 1
1386 340 320 303 319 1
1387 320 208 224 209 1
1388 320 208 209 305 1
1389 320 208 305 304 1
1390 320 208 304 303 1
1391 320 208 303 319 1
1392 320 208 319 224 1
1393 340 321 305 320 1
1394 321 209 342 210 1
1395 321 209 210 305 1
1396 321 209 305 320 1
1397 321 209 320 224 1
1398 321 209 224 342 1
1399 340 322 306 305 1
1400 340 322 305 321 1
1401 322 210 342 211 1
1402 322 210 211 306 1
1403 322 210 306 305 1
1404 322 210 305 321 1
1405 322 210 321 342 1
1406 340 323 307 306 1
1407 340 323 306 322 1
1408 323 211 342 212 1
1409 323 211 212 307 1
1410 323 211 307 306 1
1411 323 211 306 322 1
1412 323 211 322 342 1
1413 340 324 308 307 1
1414 340 324 307 323 1
1415 324 212 342 213 1
1416 324 212 213 308 1
1417 324 212 308 307 1
1418 324 212 307 323 1
1419 324 212 323 342 1
1420 340 325 309 308 1
1421 340 325 308 324 1
1422 325 213 342 214 1
1423 325 213 214 309 1
1424 325 213 309 308 1
1425 325 213 308 324 1
1426 325 213 324 342 1
1427 340 326 310 309 1
1428 340 326 309 325 1
1429 326 214 342 215 1
1430 326 214 215 310 1
1431 326 214 310 309 1
1432 326 214 309 325 1
1433 326 214 325 342 1
1434 340 327 311 310 1
1435 340 327 310 326 1
1436 327 215 342 216 1
1437 327 215 216 311 1
1438 327 215 311 310 1
1439 327 215 310 326 1
1440 327 215 326 342 1
1441 340 328 312 311 1
1442 340 328 311 327 1
1443 328 216 342 217 1
1444 328 216 217 312 1
1445 328 216 312 311 1
1446 328 216 311 327 1
1447 328 216 327 342 1
1448 340 329 313 312 1
1449 340 329 312 328 1
1450 329 217 342 218 1
1451 329 217 218 313 1
1452 329 217 313 312 1
1453 329 217 312 328 1
1454 329 217 328 342 1
1455 340 330 314 313 1
1456 340 330 313 329 1
1457 330 218 342 219 1
1458 330 218 219 314 1
1459 330 218 314 313 1
1460 330 218 313 329 1
1461 330 218 329 342 1
1462 340 331 315 314 1
1463 340 331 314 330 1
1464 331 219 342 220 1
1465 331 219 220 315 1
1466 331 219 315 314 1
1467 331 219 314 330 1
1468 331 219 330 342 1
1469 340 332 316 315 1
1470 340 332 315 331 1
1471 332 220 342 221 1
1472 332 220 221 316 1
1473 332 220 316 315 1
1474 332 220 315 331 1
1475 332 220 331 342 1
1476 340 333 317 316 1
1477 340 333 316 332 1
1478 333 221 342 222 1
1479 333 221 222 317 1
1480 333 221 317 316 1
1481 333 221 316 332 1
1482 333 221 332 342 1
1483 340 334 318 317 1
1484 340 334 317 333 1
1485 334 222 342 223 1
1486 334 222 223 318 1
1487 334 222 318 317 1
1488 334 222 317 333 1
1489 334 222 333 342 1
1490 340 335 319 318 1
1491 340 335 318 334 1
1492 335 223 342 224 1
1493 335 223 224 319 1
1494 335 223 319 318 1
1495 335 223 318 334 1
1496 335 223 334 342 1
1497 340 336 320 319 1
1498 340 336 319 335 1
1499 340 336 321 320 1
1500 336 224 320 319 1
1501 336 224 319 335 1
1502 336 224 335 342 1
1503 336 224 342 321 1
1504 336 224 321 320 1
1505 340 339 225 226 1
1506 340 339 226 227 1
1507 340 339 227 228 1
1508 340 339 228 229 1
1509 340 339 229 230 1
1510 340 339 230 231 1
1511 340 339 231 232 1
1512 340 339 232 233 1
1513 340 339 233 234 1
1514 340 339 234 235 1
1515 340 339 235 236 1
1516 340 339 236 237 1
1517 340 339 237 238 1
1518 340 339 238 239 1
1519 340 339 239 240 1
1520 340 339 240 225 1
1521 339 338 225 226 1
1522 339 338 226 227 1
1523 339 338 227 228 1
1524 339 338 228 229 1
1525 339 338 229 230 1
1526 339 338 230 231 1
1527 339 338 231 232 1
1528 339 338 232 233 1
1529 339 338 233 234 1
1530 339 338 234 235 1
1531 339 338 235 236 1
1532 339 338 236 237 1
1533 339 338 237 238 1
1534 339 338 238 239 1
1535 339 338 239 240 1
1536 339 338 240 225 1
1537 340 341 322 321 1
1538 340 341 321 336 1
1539 340 341 336 335 1
1540 340 341 335 334 1
1541 340 341 334 333 1
1542 340 341 333 332 1
1543 340 341 332 331 1
1544 340 341 331 330 1
1545 340 341 330 329 1
1546 340 341 329 328 1
1547 340 341 328 327 1
1548 340 341 327 326 1
1549 340 341 326 325 1
1550 340 341 325 324 1
1551 340 341 324 323 1
1552 340 341 323 322 1
1553 341 342 322 321 1
1554 341 342 321 336 1
1555 341 342 336 335 1
1556 341 342 335 334 1
1557 341 342 334 333 1
1558 341 342 333 332 1
1559 341 342 332 331 1
1560 341 342 331 330 1
1561 341 342 330 329 1
1562 341 342 329 328 1
1563 341 342 328 327 1
1564 341 342 327 326 1
1565 341 342 326 325 1
1566 341 342 325 324 1
1567 341 342 324 323 1
1568 341 342 323 322 1
end elements