mesh dimension = 3 elemtype triangle nnode = 3
coordinates
1 0.6 0.25 0.0193301
2 0.586603 0.275 0.0193301
3 0.55 0.293301 0.0193301
4 0.5 0.3 0.0193301
5 0.45 0.293301 0.0193301
6 0.413397 0.275 0.0193301
7 0.4 0.25 0.0193301
8 0.413397 0.225 0.0193301
9 0.45 0.206699 0.0193301
10 0.5 0.2 0.0193301
11 0.55 0.206699 0.0193301
12 0.586603 0.225 0.0193301
13 0.673205 0.25 0.0175
14 0.65 0.293301 0.0175
15 0.586603 0.325 0.0175
16 0.5 0.336603 0.0175
17 0.413397 0.325 0.0175
18 0.35 0.293301 0.0175
19 0.326795 0.25 0.0175
20 0.35 0.206699 0.0175
21 0.413397 0.175 0.0175
22 0.5 0.163397 0.0175
23 0.586603 0.175 0.0175
24 0.65 0.206699 0.0175
25 0.7 0.25 0.015
26 0.673205 0.3 0.015
27 0.6 0.336603 0.015
28 0.5 0.35 0.015
29 0.4 0.336603 0.015
30 0.326795 0.3 0.015
31 0.3 0.25 0.015
32 0.326795 0.2 0.015
33 0.4 0.163397 0.015
34 0.5 0.15 0.015
35 0.6 0.163397 0.015
36 0.673205 0.2 0.015
37 0.673205 0.25 0.0125
38 0.65 0.293301 0.0125
39 0.586603 0.325 0.0125
40 0.5 0.336603 0.0125
41 0.413397 0.325 0.0125
42 0.35 0.293301 0.0125
43 0.326795 0.25 0.0125
44 0.35 0.206699 0.0125
45 0.413397 0.175 0.0125
46 0.5 0.163397 0.0125
47 0.586603 0.175 0.0125
48 0.65 0.206699 0.0125
49 0.6 0.25 0.0106699
50 0.586603 0.275 0.0106699
51 0.55 0.293301 0.0106699
52 0.5 0.3 0.0106699
53 0.45 0.293301 0.0106699
54 0.413397 0.275 0.0106699
55 0.4 0.25 0.0106699
56 0.413397 0.225 0.0106699
57 0.45 0.206699 0.0106699
58 0.5 0.2 0.0106699
59 0.55 0.206699 0.0106699
60 0.586603 0.225 0.0106699
61 0.55 0.25 0.0171651
62 0.543301 0.2625 0.0171651
63 0.525 0.271651 0.0171651
64 0.5 0.275 0.0171651
65 0.475 0.271651 0.0171651
66 0.456699 0.2625 0.0171651
67 0.45 0.25 0.0171651
68 0.456699 0.2375 0.0171651
69 0.475 0.228349 0.0171651
70 0.5 0.225 0.0171651
71 0.525 0.228349 0.0171651
72 0.543301 0.2375 0.0171651
73 0.586603 0.25 0.01625
74 0.575 0.271651 0.01625
75 0.543301 0.2875 0.01625
76 0.5 0.293301 0.01625
77 0.456699 0.2875 0.01625
78 0.425 0.271651 0.01625
79 0.413397 0.25 0.01625
80 0.425 0.228349 0.01625
81 0.456699 0.2125 0.01625
82 0.5 0.206699 0.01625
83 0.543301 0.2125 0.01625
84 0.575 0.228349 0.01625
85 0.6 0.25 0.015
86 0.586603 0.275 0.015
87 0.55 0.293301 0.015
88 0.5 0.3 0.015
89 0.45 0.293301 0.015
90 0.413397 0.275 0.015
91 0.4 0.25 0.015
92 0.413397 0.225 0.015
93 0.45 0.206699 0.015
94 0.5 0.2 0.015
95 0.55 0.206699 0.015
96 0.586603 0.225 0.015
97 0.586603 0.25 0.01375
98 0.575 0.271651 0.01375
99 0.543301 0.2875 0.01375
100 0.5 0.293301 0.01375
101 0.456699 0.2875 0.01375
102 0.425 0.271651 0.01375
103 0.413397 0.25 0.01375
104 0.425 0.228349 0.01375
105 0.456699 0.2125 0.01375
106 0.5 0.206699 0.01375
107 0.543301 0.2125 0.01375
108 0.575 0.228349 0.01375
109 0.55 0.25 0.0128349
110 0.543301 0.2625 0.0128349
111 0.525 0.271651 0.0128349
112 0.5 0.275 0.0128349
113 0.475 0.271651 0.0128349
114 0.456699 0.2625 0.0128349
115 0.45 0.25 0.0128349
116 0.456699 0.2375 0.0128349
117 0.475 0.228349 0.0128349
118 0.5 0.225 0.0128349
119 0.525 0.228349 0.0128349
120 0.543301 0.2375 0.0128349
121 0.5 0.25 0.02
122 0.5 0.25 0.0175
123 0.5 0.25 0.015
124 0.5 0.25 0.0125
125 0.5 0.25 0.01
126 0 0 0
127 0.1 0 0
128 0.2 0 0
129 0.3 0 0
130 0.4 0 0
131 0.5 0 0
132 0.6 0 0
133 0.7 0 0
134 0.8 0 0
135 0.9 0 0
136 1 0 0
137 0 0.1 0
138 0.1 0.1 0
139 0.2 0.1 0
140 0.3 0.1 0
141 0.4 0.1 0
142 0.5 0.1 0
143 0.6 0.1 0
144 0.7 0.1 0
145 0.8 0.1 0
146 0.9 0.1 0
147 1 0.1 0
148 0 0.2 0
149 0.1 0.2 0
150 0.2 0.2 0
151 0.3 0.2 0
152 0.4 0.2 0
153 0.5 0.2 0
154 0.6 0.2 0
155 0.7 0.2 0
156 0.8 0.2 0
157 0.9 0.2 0
158 1 0.2 0
159 0 0.3 0
160 0.1 0.3 0
161 0.2 0.3 0
162 0.3 0.3 0
163 0.4 0.3 0
164 0.5 0.3 0
165 0.6 0.3 0
166 0.7 0.3 0
167 0.8 0.3 0
168 0.9 0.3 0
169 1 0.3 0
170 0 0.4 0
171 0.1 0.4 0
172 0.2 0.4 0
173 0.3 0.4 0
174 0.4 0.4 0
175 0.5 0.4 0
176 0.6 0.4 0
177 0.7 0.4 0
178 0.8 0.4 0
179 0.9 0.4 0
180 1 0.4 0
181 0 0.5 0
182 0.1 0.5 0
183 0.2 0.5 0
184 0.3 0.5 0
185 0.4 0.5 0
186 0.5 0.5 0
187 0.6 0.5 0
188 0.7 0.5 0
189 0.8 0.5 0
190 0.9 0.5 0
191 1 0.5 0
192 0 0 0.0075
193 0.1 0 0.0075
194 0.2 0 0.0075
195 0.3 0 0.0075
196 0.4 0 0.0075
197 0.5 0 0.0075
198 0.6 0 0.0075
199 0.7 0 0.0075
200 0.8 0 0.0075
201 0.9 0 0.0075
202 1 0 0.0075
203 0 0.1 0.0075
204 0.1 0.1 0.0075
205 0.2 0.1 0.0075
206 0.3 0.1 0.0075
207 0.4 0.1 0.0075
208 0.5 0.1 0.0075
209 0.6 0.1 0.0075
210 0.7 0.1 0.0075
211 0.8 0.1 0.0075
212 0.9 0.1 0.0075
213 1 0.1 0.0075
214 0 0.2 0.0075
215 0.1 0.2 0.0075
216 0.2 0.2 0.0075
217 0.3 0.2 0.0075
218 0.4 0.2 0.0075
219 0.5 0.2 0.0075
220 0.6 0.2 0.0075
221 0.7 0.2 0.0075
222 0.8 0.2 0.0075
223 0.9 0.2 0.0075
224 1 0.2 0.0075
225 0 0.3 0.0075
226 0.1 0.3 0.0075
227 0.2 0.3 0.0075
228 0.3 0.3 0.0075
229 0.4 0.3 0.0075
230 0.5 0.3 0.0075
231 0.6 0.3 0.0075
232 0.7 0.3 0.0075
233 0.8 0.3 0.0075
234 0.9 0.3 0.0075
235 1 0.3 0.0075
236 0 0.4 0.0075
237 0.1 0.4 0.0075
238 0.2 0.4 0.0075
239 0.3 0.4 0.0075
240 0.4 0.4 0.0075
241 0.5 0.4 0.0075
242 0.6 0.4 0.0075
243 0.7 0.4 0.0075
244 0.8 0.4 0.0075
245 0.9 0.4 0.0075
246 1 0.4 0.0075
247 0 0.5 0.0075
248 0.1 0.5 0.0075
249 0.2 0.5 0.0075
250 0.3 0.5 0.0075
251 0.4 0.5 0.0075
252 0.5 0.5 0.0075
253 0.6 0.5 0.0075
254 0.7 0.5 0.0075
255 0.8 0.5 0.0075
256 0.9 0.5 0.0075
257 1 0.5 0.0075
258 0 0 0.015
259 0.1 0 0.015
260 0.2 0 0.015
261 0.3 0 0.015
262 0.4 0 0.015
263 0.5 0 0.015
264 0.6 0 0.015
265 0.7 0 0.015
266 0.8 0 0.015
267 0.9 0 0.015
268 1 0 0.015
269 0 0.1 0.015
270 0.1 0.1 0.015
271 0.2 0.1 0.015
272 0.3 0.1 0.015
273 0.4 0.1 0.015
274 0.5 0.1 0.015
275 0.6 0.1 0.015
276 0.7 0.1 0.015
277 0.8 0.1 0.015
278 0.9 0.1 0.015
279 1 0.1 0.015
280 0 0.2 0.015
281 0.1 0.2 0.015
282 0.2 0.2 0.015
283 0.3 0.2 0.015
284 0.7 0.2 0.015
285 0.8 0.2 0.015
286 0.9 0.2 0.015
287 1 0.2 0.015
288 0 0.3 0.015
289 0.1 0.3 0.015
290 0.2 0.3 0.015
291 0.3 0.3 0.015
292 0.7 0.3 0.015
293 0.8 0.3 0.015
294 0.9 0.3 0.015
295 1 0.3 0.015
296 0 0.4 0.015
297 0.1 0.4 0.015
298 0.2 0.4 0.015
299 0.3 0.4 0.015
300 0.4 0.4 0.015
301 0.5 0.4 0.015
302 0.6 0.4 0.015
303 0.7 0.4 0.015
304 0.8 0.4 0.015
305 0.9 0.4 0.015
306 1 0.4 0.015
307 0 0.5 0.015
308 0.1 0.5 0.015
309 0.2 0.5 0.015
310 0.3 0.5 0.015
311 0.4 0.5 0.015
312 0.5 0.5 0.015
313 0.6 0.5 0.015
314 0.7 0.5 0.015
315 0.8 0.5 0.015
316 0.9 0.5 0.015
317 1 0.5 0.015
318 0 0 0.0225
319 0.1 0 0.0225
320 0.2 0 0.0225
321 0.3 0 0.0225
322 0.4 0 0.0225
323 0.5 0 0.0225
324 0.6 0 0.0225
325 0.7 0 0.0225
326 0.8 0 0.0225
327 0.9 0 0.0225
328 1 0 0.0225
329 0 0.1 0.0225
330 0.1 0.1 0.0225
331 0.2 0.1 0.0225
332 0.3 0.1 0.0225
333 0.4 0.1 0.0225
334 0.5 0.1 0.0225
335 0.6 0.1 0.0225
336 0.7 0.1 0.0225
337 0.8 0.1 0.0225
338 0.9 0.1 0.0225
339 1 0.1 0.0225
340 0 0.2 0.0225
341 0.1 0.2 0.0225
342 0.2 0.2 0.0225
343 0.3 0.2 0.0225
344 0.4 0.2 0.0225
345 0.5 0.2 0.0225
346 0.6 0.2 0.0225
347 0.7 0.2 0.0225
348 0.8 0.2 0.0225
349 0.9 0.2 0.0225
350 1 0.2 0.0225
351 0 0.3 0.0225
352 0.1 0.3 0.0225
353 0.2 0.3 0.0225
354 0.3 0.3 0.0225
355 0.4 0.3 0.0225
356 0.5 0.3 0.0225
357 0.6 0.3 0.0225
358 0.7 0.3 0.0225
359 0.8 0.3 0.0225
360 0.9 0.3 0.0225
361 1 0.3 0.0225
362 0 0.4 0.0225
363 0.1 0.4 0.0225
364 0.2 0.4 0.0225
365 0.3 0.4 0.0225
366 0.4 0.4 0.0225
367 0.5 0.4 0.0225
368 0.6 0.4 0.0225
369 0.7 0.4 0.0225
370 0.8 0.4 0.0225
371 0.9 0.4 0.0225
372 1 0.4 0.0225
373 0 0.5 0.0225
374 0.1 0.5 0.0225
375 0.2 0.5 0.0225
376 0.3 0.5 0.0225
377 0.4 0.5 0.0225
378 0.5 0.5 0.0225
379 0.6 0.5 0.0225
380 0.7 0.5 0.0225
381 0.8 0.5 0.0225
382 0.9 0.5 0.0225
383 1 0.5 0.0225
384 0 0 0.03
385 0.1 0 0.03
386 0.2 0 0.03
387 0.3 0 0.03
388 0.4 0 0.03
389 0.5 0 0.03
390 0.6 0 0.03
391 0.7 0 0.03
392 0.8 0 0.03
393 0.9 0 0.03
394 1 0 0.03
395 0 0.1 0.03
396 0.1 0.1 0.03
397 0.2 0.1 0.03
398 0.3 0.1 0.03
399 0.4 0.1 0.03
400 0.5 0.1 0.03
401 0.6 0.1 0.03
402 0.7 0.1 0.03
403 0.8 0.1 0.03
404 0.9 0.1 0.03
405 1 0.1 0.03
406 0 0.2 0.03
407 0.1 0.2 0.03
408 0.2 0.2 0.03
409 0.3 0.2 0.03
410 0.4 0.2 0.03
411 0.5 0.2 0.03
412 0.6 0.2 0.03
413 0.7 0.2 0.03
414 0.8 0.2 0.03
415 0.9 0.2 0.03
416 1 0.2 0.03
417 0 0.3 0.03
418 0.1 0.3 0.03
419 0.2 0.3 0.03
420 0.3 0.3 0.03
421 0.4 0.3 0.03
422 0.5 0.3 0.03
423 0.6 0.3 0.03
424 0.7 0.3 0.03
425 0.8 0.3 0.03
426 0.9 0.3 0.03
427 1 0.3 0.03
428 0 0.4 0.03
429 0.1 0.4 0.03
430 0.2 0.4 0.03
431 0.3 0.4 0.03
432 0.4 0.4 0.03
433 0.5 0.4 0.03
434 0.6 0.4 0.03
435 0.7 0.4 0.03
436 0.8 0.4 0.03
437 0.9 0.4 0.03
438 1 0.4 0.03
439 0 0.5 0.03
440 0.1 0.5 0.03
441 0.2 0.5 0.03
442 0.3 0.5 0.03
443 0.4 0.5 0.03
444 0.5 0.5 0.03
445 0.6 0.5 0.03
446 0.7 0.5 0.03
447 0.8 0.5 0.03
448 0.9 0.5 0.03
449 1 0.5 0.03
end coordinates
elements
1 121 1 2 1
2 121 2 3 1
3 121 3 4 1
4 121 4 5 1
5 121 5 6 1
6 121 6 7 1
7 121 7 8 1
8 121 8 9 1
9 121 9 10 1
10 121 10 11 1
11 121 11 12 1
12 121 12 1 1
13 1 13 14 1
14 1 14 2 1
15 2 14 15 1
16 2 15 3 1
17 3 15 16 1
18 3 16 4 1
19 4 16 17 1
20 4 17 5 1
21 5 17 18 1
22 5 18 6 1
23 6 18 19 1
24 6 19 7 1
25 7 19 20 1
26 7 20 8 1
27 8 20 21 1
28 8 21 9 1
29 9 21 22 1
30 9 22 10 1
31 10 22 23 1
32 10 23 11 1
33 11 23 24 1
34 11 24 12 1
35 12 24 13 1
36 12 13 1 1
37 13 25 26 1
38 13 26 14 1
39 14 26 27 1
40 14 27 15 1
41 15 27 28 1
42 15 28 16 1
43 16 28 29 1
44 16 29 17 1
45 17 29 30 1
46 17 30 18 1
47 18 30 31 1
48 18 31 19 1
49 19 31 32 1
50 19 32 20 1
51 20 32 33 1
52 20 33 21 1
53 21 33 34 1
54 21 34 22 1
55 22 34 35 1
56 22 35 23 1
57 23 35 36 1
58 23 36 24 1
59 24 36 25 1
60 24 25 13 1
61 25 37 38 1
62 25 38 26 1
63 26 38 39 1
64 26 39 27 1
65 27 39 40 1
66 27 40 28 1
67 28 40 41 1
68 28 41 29 1
69 29 41 42 1
70 29 42 30 1
71 30 42 43 1
72 30 43 31 1
73 31 43 44 1
74 31 44 32 1
75 32 44 45 1
76 32 45 33 1
77 33 45 46 1
78 33 46 34 1
79 34 46 47 1
80 34 47 35 1
81 35 47 48 1
82 35 48 36 1
83 36 48 37 1
84 36 37 25 1
85 37 49 50 1
86 37 50 38 1
87 38 50 51 1
88 38 51 39 1
89 39 51 52 1
90 39 52 40 1
91 40 52 53 1
92 40 53 41 1
93 41 53 54 1
94 41 54 42 1
95 42 54 55 1
96 42 55 43 1
97 43 55 56 1
98 43 56 44 1
99 44 56 57 1
100 44 57 45 1
101 45 57 58 1
102 45 58 46 1
103 46 58 59 1
104 46 59 47 1
105 47 59 60 1
106 47 60 48 1
107 48 60 49 1
108 48 49 37 1
109 49 125 50 1
110 50 125 51 1
111 51 125 52 1
112 52 125 53 1
113 53 125 54 1
114 54 125 55 1
115 55 125 56 1
116 56 125 57 1
117 57 125 58 1
118 58 125 59 1
119 59 125 60 1
120 60 125 49 1
121 126 203 192 2
122 126 137 203 2
123 137 214 203 2
124 137 148 214 2
125 148 225 214 2
126 148 159 225 2
127 159 236 225 2
128 159 170 236 2
129 170 247 236 2
130 170 181 247 2
131 192 269 258 2
132 192 203 269 2
133 203 280 269 2
134 203 214 280 2
135 214 288 280 2
136 214 225 288 2
137 225 296 288 2
138 225 236 296 2
139 236 307 296 2
140 236 247 307 2
141 258 329 318 2
142 258 269 329 2
143 269 340 329 2
144 269 280 340 2
145 280 351 340 2
146 280 288 351 2
147 288 362 351 2
148 288 296 362 2
149 296 373 362 2
150 296 307 373 2
151 318 395 384 2
152 318 329 395 2
153 329 406 395 2
154 329 340 406 2
155 340 417 406 2
156 340 351 417 2
157 351 428 417 2
158 351 362 428 2
159 362 439 428 2
160 362 373 439 2
161 384 396 385 2
162 384 395 396 2
163 395 407 396 2
164 395 406 407 2
165 406 418 407 2
166 406 417 418 2
167 417 429 418 2
168 417 428 429 2
169 428 440 429 2
170 428 439 440 2
171 385 397 386 2
172 385 396 397 2
173 396 408 397 2
174 396 407 408 2
175 407 419 408 2
176 407 418 419 2
177 418 430 419 2
178 418 429 430 2
179 429 441 430 2
180 429 440 441 2
181 386 398 387 2
182 386 397 398 2
183 397 409 398 2
184 397 408 409 2
185 408 420 409 2
186 408 419 420 2
187 419 431 420 2
188 419 430 431 2
189 430 442 431 2
190 430 441 442 2
191 387 399 388 2
192 387 398 399 2
193 398 410 399 2
194 398 409 410 2
195 409 421 410 2
196 409 420 421 2
197 420 432 421 2
198 420 431 432 2
199 431 443 432 2
200 431 442 443 2
201 388 400 389 2
202 388 399 400 2
203 399 411 400 2
204 399 410 411 2
205 410 422 411 2
206 410 421 422 2
207 421 433 422 2
208 421 432 433 2
209 432 444 433 2
210 432 443 444 2
211 389 401 390 2
212 389 400 401 2
213 400 412 401 2
214 400 411 412 2
215 411 423 412 2
216 411 422 423 2
217 422 434 423 2
218 422 433 434 2
219 433 445 434 2
220 433 444 445 2
221 390 402 391 2
222 390 401 402 2
223 401 413 402 2
224 401 412 413 2
225 412 424 413 2
226 412 423 424 2
227 423 435 424 2
228 423 434 435 2
229 434 446 435 2
230 434 445 446 2
231 391 403 392 2
232 391 402 403 2
233 402 414 403 2
234 402 413 414 2
235 413 425 414 2
236 413 424 425 2
237 424 436 425 2
238 424 435 436 2
239 435 447 436 2
240 435 446 447 2
241 392 404 393 2
242 392 403 404 2
243 403 415 404 2
244 403 414 415 2
245 414 426 415 2
246 414 425 426 2
247 425 437 426 2
248 425 436 437 2
249 436 448 437 2
250 436 447 448 2
251 393 405 394 2
252 393 404 405 2
253 404 416 405 2
254 404 415 416 2
255 415 427 416 2
256 415 426 427 2
257 426 438 427 2
258 426 437 438 2
259 437 449 438 2
260 437 448 449 2
261 394 339 328 2
262 394 405 339 2
263 405 350 339 2
264 405 416 350 2
265 416 361 350 2
266 416 427 361 2
267 427 372 361 2
268 427 438 372 2
269 438 383 372 2
270 438 449 383 2
271 328 279 268 2
272 328 339 279 2
273 339 287 279 2
274 339 350 287 2
275 350 295 287 2
276 350 361 295 2
277 361 306 295 2
278 361 372 306 2
279 372 317 306 2
280 372 383 317 2
281 268 213 202 2
282 268 279 213 2
283 279 224 213 2
284 279 287 224 2
285 287 235 224 2
286 287 295 235 2
287 295 246 235 2
288 295 306 246 2
289 306 257 246 2
290 306 317 257 2
291 202 147 136 2
292 202 213 147 2
293 213 158 147 2
294 213 224 158 2
295 224 169 158 2
296 224 235 169 2
297 235 180 169 2
298 235 246 180 2
299 246 191 180 2
300 246 257 191 2
301 136 146 135 2
302 136 147 146 2
303 147 157 146 2
304 147 158 157 2
305 158 168 157 2
306 158 169 168 2
307 169 179 168 2
308 169 180 179 2
309 180 190 179 2
310 180 191 190 2
311 135 145 134 2
312 135 146 145 2
313 146 156 145 2
314 146 157 156 2
315 157 167 156 2
316 157 168 167 2
317 168 178 167 2
318 168 179 178 2
319 179 189 178 2
320 179 190 189 2
321 134 144 133 2
322 134 145 144 2
323 145 155 144 2
324 145 156 155 2
325 156 166 155 2
326 156 167 166 2
327 167 177 166 2
328 167 178 177 2
329 178 188 177 2
330 178 189 188 2
331 133 143 132 2
332 133 144 143 2
333 144 154 143 2
334 144 155 154 2
335 155 165 154 2
336 155 166 165 2
337 166 176 165 2
338 166 177 176 2
339 177 187 176 2
340 177 188 187 2
341 132 142 131 2
342 132 143 142 2
343 143 153 142 2
344 143 154 153 2
345 154 164 153 2
346 154 165 164 2
347 165 175 164 2
348 165 176 175 2
349 176 186 175 2
350 176 187 186 2
351 131 141 130 2
352 131 142 141 2
353 142 152 141 2
354 142 153 152 2
355 153 163 152 2
356 153 164 163 2
357 164 174 163 2
358 164 175 174 2
359 175 185 174 2
360 175 186 185 2
361 130 140 129 2
362 130 141 140 2
363 141 151 140 2
364 141 152 151 2
365 152 162 151 2
366 152 163 162 2
367 163 173 162 2
368 163 174 173 2
369 174 184 173 2
370 174 185 184 2
371 129 139 128 2
372 129 140 139 2
373 140 150 139 2
374 140 151 150 2
375 151 161 150 2
376 151 162 161 2
377 162 172 161 2
378 162 173 172 2
379 173 183 172 2
380 173 184 183 2
381 128 138 127 2
382 128 139 138 2
383 139 149 138 2
384 139 150 149 2
385 150 160 149 2
386 150 161 160 2
387 161 171 160 2
388 161 172 171 2
389 172 182 171 2
390 172 183 182 2
391 127 137 126 2
392 127 138 137 2
393 138 148 137 2
394 138 149 148 2
395 149 159 148 2
396 149 160 159 2
397 160 170 159 2
398 160 171 170 2
399 171 181 170 2
400 171 182 181 2
401 126 192 193 2
402 126 193 127 2
403 192 258 259 2
404 192 259 193 2
405 258 318 319 2
406 258 319 259 2
407 318 384 385 2
408 318 385 319 2
409 127 193 194 2
410 127 194 128 2
411 193 259 260 2
412 193 260 194 2
413 259 319 320 2
414 259 320 260 2
415 319 385 386 2
416 319 386 320 2
417 128 194 195 2
418 128 195 129 2
419 194 260 261 2
420 194 261 195 2
421 260 320 321 2
422 260 321 261 2
423 320 386 387 2
424 320 387 321 2
425 129 195 196 2
426 129 196 130 2
427 195 261 262 2
428 195 262 196 2
429 261 321 322 2
430 261 322 262 2
431 321 387 388 2
432 321 388 322 2
433 130 196 197 2
434 130 197 131 2
435 196 262 263 2
436 196 263 197 2
437 262 322 323 2
438 262 323 263 2
439 322 388 389 2
440 322 389 323 2
441 131 197 198 2
442 131 198 132 2
443 197 263 264 2
444 197 264 198 2
445 263 323 324 2
446 263 324 264 2
447 323 389 390 2
448 323 390 324 2
449 132 198 199 2
450 132 199 133 2
451 198 264 265 2
452 198 265 199 2
453 264 324 325 2
454 264 325 265 2
455 324 390 391 2
456 324 391 325 2
457 133 199 200 2
458 133 200 134 2
459 199 265 266 2
460 199 266 200 2
461 265 325 326 2
462 265 326 266 2
463 325 391 392 2
464 325 392 326 2
465 134 200 201 2
466 134 201 135 2
467 200 266 267 2
468 200 267 201 2
469 266 326 327 2
470 266 327 267 2
471 326 392 393 2
472 326 393 327 2
473 135 201 202 2
474 135 202 136 2
475 201 267 268 2
476 201 268 202 2
477 267 327 328 2
478 267 328 268 2
479 327 393 394 2
480 327 394 328 2
481 181 248 247 2
482 181 182 248 2
483 247 308 307 2
484 247 248 308 2
485 307 374 373 2
486 307 308 374 2
487 373 440 439 2
488 373 374 440 2
489 182 249 248 2
490 182 183 249 2
491 248 309 308 2
492 248 249 309 2
493 308 375 374 2
494 308 309 375 2
495 374 441 440 2
496 374 375 441 2
497 183 250 249 2
498 183 184 250 2
499 249 310 309 2
500 249 250 310 2
501 309 376 375 2
502 309 310 376 2
503 375 442 441 2
504 375 376 442 2
505 184 251 250 2
506 184 185 251 2
507 250 311 310 2
508 250 251 311 2
509 310 377 376 2
510 310 311 377 2
511 376 443 442 2
512 376 377 443 2
513 185 252 251 2
514 185 186 252 2
515 251 312 311 2
516 251 252 312 2
517 311 378 377 2
518 311 312 378 2
519 377 444 443 2
520 377 378 444 2
521 186 253 252 2
522 186 187 253 2
523 252 313 312 2
524 252 253 313 2
525 312 379 378 2
526 312 313 379 2
527 378 445 444 2
528 378 379 445 2
529 187 254 253 2
530 187 188 254 2
531 253 314 313 2
532 253 254 314 2
533 313 380 379 2
534 313 314 380 2
535 379 446 445 2
536 379 380 446 2
537 188 255 254 2
538 188 189 255 2
539 254 315 314 2
540 254 255 315 2
541 314 381 380 2
542 314 315 381 2
543 380 447 446 2
544 380 381 447 2
545 189 256 255 2
546 189 190 256 2
547 255 316 315 2
548 255 256 316 2
549 315 382 381 2
550 315 316 382 2
551 381 448 447 2
552 381 382 448 2
553 190 257 256 2
554 190 191 257 2
555 256 317 316 2
556 256 257 317 2
557 316 383 382 2
558 316 317 383 2
559 382 449 448 2
560 382 383 449 2
end elements