29 3
8.12132 4 2.20711
6 5.41421 2.20711
3.87868 4 2.20711
6 2.58579 2.20711
9 4 1.5
6 6 1.5
3 4 1.5
6 2 1.5
8.12132 4 0.792893
6 5.41421 0.792893
3.87868 4 0.792893
6 2.58579 0.792893
7.06066 4 1.85355
6 4.70711 1.85355
4.93934 4 1.85355
6 3.29289 1.85355
7.5 4 1.5
6 5 1.5
4.5 4 1.5
6 3 1.5
7.06066 4 1.14645
6 4.70711 1.14645
4.93934 4 1.14645
6 3.29289 1.14645
6 4 2.5
6 4 2
6 4 1.5
6 4 1
6 4 0.5

96 4
2 13 1 2 25
2 13 1 25 4
2 13 1 4 5
2 13 1 5 6
2 13 1 6 2
2 14 2 3 25
2 14 2 25 13
2 14 2 13 6
2 14 2 6 7
2 14 2 7 3
2 15 3 4 25
2 15 3 25 14
2 15 3 14 7
2 15 3 7 8
2 15 3 8 4
2 16 4 8 5
2 16 4 5 13
2 16 4 13 25
2 16 4 25 15
2 16 4 15 8
2 27 17 13 16
2 17 5 9 10
2 17 5 10 6
2 17 5 6 13
2 17 5 13 16
2 17 5 16 8
2 17 5 8 9
2 27 18 14 13
2 27 18 13 17
2 18 6 10 11
2 18 6 11 7
2 18 6 7 14
2 18 6 14 13
2 18 6 13 17
2 18 6 17 10
2 27 19 15 14
2 27 19 14 18
2 19 7 11 12
2 19 7 12 8
2 19 7 8 15
2 19 7 15 14
2 19 7 14 18
2 19 7 18 11
2 27 20 17 16
2 27 20 16 15
2 27 20 15 19
2 20 8 12 9
2 20 8 9 17
2 20 8 17 16
2 20 8 16 15
2 20 8 15 19
2 20 8 19 12
2 27 21 17 20
2 21 9 29 10
2 21 9 10 17
2 21 9 17 20
2 21 9 20 12
2 21 9 12 29
2 27 22 18 17
2 27 22 17 21
2 22 10 29 11
2 22 10 11 18
2 22 10 18 17
2 22 10 17 21
2 22 10 21 29
2 27 23 19 18
2 27 23 18 22
2 23 11 29 12
2 23 11 12 19
2 23 11 19 18
2 23 11 18 22
2 23 11 22 29
2 27 24 20 19
2 27 24 19 23
2 27 24 21 20
2 24 12 20 19
2 24 12 19 23
2 24 12 23 29
2 24 12 29 21
2 24 12 21 20
2 27 26 13 14
2 27 26 14 15
2 27 26 15 16
2 27 26 16 13
2 26 25 13 14
2 26 25 14 15
2 26 25 15 16
2 26 25 16 13
2 27 28 22 21
2 27 28 21 24
2 27 28 24 23
2 27 28 23 22
2 28 29 22 21
2 28 29 21 24
2 28 29 24 23
2 28 29 23 22

